-353 -99 186 -50 127 496 -253 -390 76 -220 -85 496 -150 -108 297 -5 171 -48 -67 -47 136 -15 -109 -37 -17 -22 58 -33 -71 -42 -6 11 89 11 -5 -51 -7 18 116 81 -59 -36 -7 1 65 26 -57 -26 -9 -22 88 22 -13 -27 -9 -15 109 47 5 -47 -8 2 96 52 -21 -50 -6 8 94 3 -6 -50 -8 3 100 0 -6 -40 3 
-370 -281 155 64 162 496 -237 -390 95 -274 195 128 -172 -102 249 -114 49 -75 -84 -68 88 43 -146 -73 -12 24 61 27 -107 -92 17 48 75 50 -63 -44 12 2 90 101 -73 -13 -1 -24 76 53 -11 -50 -9 -12 105 -7 -21 -113 -8 7 102 34 -34 -122 -4 5 95 32 -37 -113 -5 18 91 8 -25 -124 -1 39 100 -1 -22 -106 3 
-332 61 70 49 93 496 -323 -375 144 -72 191 496 -189 -339 143 -61 155 -95 -79 29 149 -147 -47 -177 -32 -2 98 28 -73 22 -12 -44 77 36 -63 15 -20 -21 79 21 -9 -57 -20 8 106 49 -27 -25 -14 -14 105 52 -14 -3 -14 -23 101 8 -46 -63 -10 27 73 0 -37 -76 -8 3 91 51 6 -50 -10 -12 111 16 -24 -56 3 
-345 -2 102 16 112 496 -241 -390 168 -21 166 496 -157 -186 159 -232 165 -78 -88 -2 144 -53 -43 -80 -34 -28 94 10 -72 -52 -6 21 63 -62 -8 -94 -9 40 125 -17 -20 -31 -15 -33 112 74 -52 66 -13 -14 66 -41 -46 -36 -11 -1 89 -4 7 -29 -13 -7 113 2 4 24 -14 -7 97 -48 -18 -44 -9 6 94 21 31 5 3 
-256 115 203 153 195 496 -249 -28 12 -54 97 496 -160 -244 114 128 167 496 -80 -209 175 -38 140 116 -55 29 142 -19 85 75 -42 -77 107 -1 -4 65 -39 -27 85 -85 58 -47 -29 32 132 -90 21 -18 -30 -57 85 -141 -42 12 -26 -5 105 -95 0 -15 -25 -10 110 -16 10 1 -22 -17 97 -14 -24 -21 -20 -4 92 23 22 -9 3 
-255 31 106 64 171 496 -278 -360 114 -117 188 496 -195 -322 5 21 190 -200 -95 -64 196 -68 48 -60 -50 -60 56 25 -43 -28 -19 -13 136 11 61 -100 -10 59 133 9 -60 -33 -7 2 69 16 -16 31 -12 -25 106 -15 9 14 -15 0 100 -24 -29 10 -14 -21 81 4 1 9 -19 -30 99 19 19 -28 -21 -4 95 6 12 -32 3 
-126 -124 180 -13 3 -77 -66 -37 153 72 -29 -32 -20 -42 106 -235 81 -207 2 56 105 -189 38 -163 -6 24 111 51 17 3 -11 -14 130 24 -26 21 -20 -37 60 -40 -1 -24 -9 -9 117 18 12 -34 -11 -24 114 25 -45 -22 -12 -46 82 40 -41 -54 -13 -37 81 39 5 -119 -12 -17 108 46 -2 -137 -10 -14 109 0 -53 -130 3 
-350 35 138 88 78 496 -305 -357 123 97 87 496 -164 -327 64 -43 163 155 -81 -76 117 17 55 -99 -52 -3 148 26 33 -32 -30 5 119 -60 5 -69 -18 30 105 -132 -19 -84 -19 14 99 -103 -5 -43 -16 -11 103 -82 -30 -17 -15 -9 82 -61 -28 -18 -15 -11 86 60 24 10 -22 -27 93 30 27 -16 -19 -3 92 -16 22 -55 3 
-116 -172 166 -422 31 -31 -69 3 143 -45 24 -47 -26 -16 120 41 -110 -4 -13 -24 48 33 -27 -18 -5 0 90 18 11 -35 -13 -13 103 44 4 -39 -17 0 86 -12 7 -53 -11 14 108 12 25 -40 -11 3 111 35 -18 1 -12 -9 90 30 -19 0 -4 -3 91 13 10 -9 -6 0 105 34 19 -20 -7 3 95 12 9 -16 3 
-286 63 92 64 193 496 -295 -306 162 157 345 496 -172 -370 249 -87 205 19 -138 -75 182 -162 60 -204 -64 59 133 -107 0 -141 -25 48 130 29 -91 -48 -10 61 64 15 -56 -41 -8 42 82 -4 3 9 -16 -3 113 -26 0 12 -16 14 76 -85 -37 -18 -17 13 89 22 29 36 -24 -14 99 16 6 16 -27 10 90 -24 3 -25 3 
-261 83 68 5 318 496 -340 -254 7 2 179 496 -228 -390 196 -201 145 286 -144 -94 169 16 117 -59 -80 -31 127 57 -51 -26 -24 -5 111 35 -35 -64 -8 26 82 35 -74 -49 -6 31 56 57 -10 -10 -10 17 111 40 5 9 -22 -23 100 35 -29 4 -24 -11 75 13 9 -36 -20 35 98 -43 4 -68 -20 14 104 4 2 -19 3 
-236 144 -7 -312 -105 496 -311 -390 45 -22 152 496 -196 -292 128 153 123 -153 -92 -48 143 70 -22 -84 -29 32 71 -7 -85 -43 1 45 93 -29 -57 -23 -11 41 70 16 -54 35 -23 -18 90 4 -26 29 -27 -16 94 -30 -15 -8 -28 -18 92 -25 -21 -9 -17 4 91 -55 -6 -15 -19 0 112 -10 -19 -3 -19 -18 92 6 -21 1 3 
-262 107 180 164 340 496 -276 -265 105 157 160 496 -182 -344 129 -86 192 122 -121 -53 189 -74 34 -30 -85 -35 107 13 -58 -32 -36 -7 98 -54 -3 -93 -13 49 106 -29 -39 -56 -15 12 74 19 -54 -16 -19 11 68 -40 17 -43 -25 14 109 -29 9 -16 -28 -6 104 3 -22 -10 -25 2 83 -28 2 -22 -24 6 99 -14 6 -10 3 
-147 -64 74 -129 258 496 -235 -217 66 -64 274 496 -185 -289 168 -157 133 276 -125 -85 121 -22 118 -133 -84 44 141 -8 26 -65 -48 13 118 7 -17 -22 -26 27 116 -33 -56 -35 -26 30 70 7 -49 16 -27 -19 78 28 -15 31 -25 1 106 -21 -16 -7 -28 19 92 -28 -33 17 -27 -10 83 8 -7 15 -28 0 91 -36 7 -24 3 
-236 198 3 53 105 496 -259 -58 43 42 197 496 -203 -373 145 -76 143 496 -142 -248 114 -337 153 -94 -75 68 186 -46 94 -90 -53 -17 93 99 -31 29 -31 -18 114 0 16 -41 -20 33 106 -60 -4 -19 -22 -1 96 8 -16 30 -27 -25 98 10 -13 17 -29 -2 76 -45 -21 -15 -25 -15 94 -10 3 -8 -26 -17 100 -10 6 -31 3 
-198 158 27 -93 -80 496 -218 -12 -18 -85 171 496 -199 -176 84 150 -13 496 -125 -198 92 -229 78 288 -108 -116 112 -151 74 29 -75 -44 120 56 55 21 -56 -51 97 -5 17 -2 -36 -18 99 -34 3 -30 -30 -10 98 -1 3 -17 -31 -15 100 13 -23 -8 -33 -13 81 -13 -19 9 -35 -34 77 27 3 35 -35 -29 100 -16 -13 -19 3 
-142 -215 37 -39 62 213 -119 -109 138 -101 96 -86 -71 46 154 -40 4 -29 -38 -17 90 3 -63 -8 -20 3 73 -53 -20 -59 -18 33 92 -33 -1 -22 -21 -5 96 23 -11 23 -24 -22 79 4 5 5 -29 20 105 -7 19 -10 -33 -6 112 12 -16 -1 -33 -9 102 15 -25 -9 -32 -2 98 11 -35 -25 -32 -16 93 25 -46 -40 3 
-172 89 -54 35 13 496 -224 -91 1 203 293 496 -198 -214 186 22 269 383 -154 -84 117 39 109 -31 -103 -20 159 -15 32 -4 -64 -33 114 -28 -25 -84 -28 59 81 -36 -36 -99 -12 58 100 -22 -31 -66 -16 22 108 -9 -43 -26 -25 7 86 -42 -37 -27 -23 17 86 -29 -18 -22 -21 8 101 -16 -23 -37 -23 -2 100 17 -41 -15 3 
-169 -211 139 -110 165 -75 -98 9 140 -1 42 -117 -51 0 90 46 -17 -60 -14 11 83 7 -26 -70 -7 40 91 -26 -16 -47 -13 33 105 21 -24 22 -26 -7 103 -7 -29 16 -32 3 93 -26 -21 -20 -24 8 105 -4 -24 -1 -18 -6 104 17 -20 -15 -15 9 112 -17 -53 -22 -2 61 84 -39 -46 -37 -8 1 86 14 1 -18 3 
-323 -91 -4 -92 271 496 -258 -349 172 2 310 496 -157 -192 217 -27 221 17 -102 26 130 -25 23 -112 -48 47 110 26 0 -12 -30 20 100 -3 -31 -20 -22 47 67 -45 -27 -18 -24 37 88 -16 1 6 -30 8 109 -7 -15 20 -34 1 85 -4 -13 8 -32 22 78 -21 11 -17 -28 32 102 -36 1 -20 -30 26 98 -16 -20 6 3 
-293 -55 39 -9 210 496 -270 -339 147 25 94 496 -178 -230 62 -256 156 29 -115 -41 175 -67 80 -135 -68 17 121 -2 -25 -85 -20 30 97 -35 -62 -77 -9 52 84 -7 -16 20 -10 23 61 -13 -47 27 -18 -16 97 5 8 23 -25 -18 109 -5 -8 -17 -26 -9 92 -11 -36 -35 -18 -5 89 14 0 -43 -9 13 96 16 1 -37 3 
-162 -113 169 28 139 -169 -96 -13 149 9 -21 -96 -36 9 57 -30 -48 -96 1 45 95 -26 -2 -96 2 63 108 -13 -39 -21 -13 17 73 -15 -19 15 -18 -12 103 -16 15 10 -22 -1 108 -32 -1 -1 -22 -5 83 -26 -8 -20 -22 -24 96 22 14 -21 -17 7 91 -8 1 -35 -19 -1 99 4 8 -43 -21 1 100 17 -4 -43 3 
-224 -74 46 -122 112 496 -263 -80 -4 -130 235 496 -242 -188 142 -343 88 496 -163 -185 194 -131 40 -30 -61 -26 77 55 -10 -52 1 20 121 8 -13 -59 11 45 98 -80 -75 -36 -4 11 74 -12 -15 0 -15 -8 103 -4 25 -5 -19 0 117 4 -27 -8 -20 -9 80 -4 -23 -6 -11 -3 99 22 8 -26 -16 7 107 -4 -4 -45 3 
-332 5 49 65 93 496 -306 -162 8 -30 105 496 -218 -365 82 -154 19 382 -155 -232 74 -78 66 -14 -79 -9 128 89 70 -86 -34 8 124 48 -12 -51 -13 8 104 -3 -26 -44 -11 48 88 -15 -9 -30 -21 14 97 1 -12 11 -27 -16 103 27 -10 13 -29 -6 83 -13 -1 -32 -27 1 99 25 0 -29 -20 29 94 -2 3 -18 3 
-255 72 94 79 313 496 -266 -63 56 -101 212 496 -243 -320 173 -136 155 496 -151 -191 134 -207 107 46 -96 -25 102 29 93 -74 -41 12 123 -4 -23 -49 -17 19 104 -18 -3 -44 -14 29 111 -10 -11 0 -20 4 103 21 -14 21 -21 2 83 -31 -25 4 -22 -1 89 -4 -7 -3 -22 -3 103 13 0 -17 -20 14 95 7 6 -12 3 
-315 -77 58 157 179 496 -223 -167 147 54 241 496 -181 -229 133 -201 127 203 -135 -128 142 -137 16 -31 -70 -2 118 24 44 -32 -35 -15 93 8 -21 -33 -8 23 99 24 1 -61 -9 45 90 0 -26 -21 -11 0 99 30 10 6 -20 7 108 -11 -1 -11 -25 -5 98 17 -16 8 -24 -1 92 -5 -4 -26 -21 1 102 9 -7 -32 3 
-375 -193 93 47 220 496 -387 -195 141 148 259 496 -235 -296 212 -253 74 117 -131 -122 134 -170 -35 -196 -22 86 77 -16 43 -116 0 34 108 13 -4 -38 -5 20 122 -13 -39 0 -15 27 74 -21 -21 13 -20 -15 103 25 -17 46 -16 -14 101 -8 -30 0 -13 10 93 -41 -12 -42 -12 6 102 19 -8 20 -10 -2 92 5 -12 18 3 
-156 -190 155 -14 19 -102 -68 23 101 38 0 -128 -4 86 106 25 -49 -49 8 60 74 -13 -62 4 0 44 73 -14 -22 20 -15 19 93 17 -4 37 -19 3 93 -3 -4 2 -16 34 99 -43 2 -18 -12 30 94 -54 -7 -26 -10 5 90 1 -5 -25 -6 48 104 -26 -2 -18 -12 19 98 3 -8 12 -15 2 95 5 -12 0 3 
-139 -88 182 -109 71 -101 -75 44 108 27 -15 -75 -36 8 104 13 -88 -36 -2 48 72 -30 -45 -83 3 59 96 2 -25 -15 -15 16 84 7 -9 25 -21 9 99 -20 0 -5 -22 28 86 -36 -23 -47 -16 34 102 2 -14 -10 -13 25 96 -3 -6 -18 -16 20 90 -11 -11 -24 -15 27 97 5 -11 -1 -14 22 94 5 -8 0 3 
-154 -14 95 -440 6 -220 -64 -31 120 72 -16 -49 -15 44 101 5 19 -78 -4 52 102 10 -54 31 -14 -19 65 4 -21 33 -15 18 107 -8 5 -12 -16 41 108 -18 -17 28 -20 -5 86 -4 -20 28 -19 -4 90 -1 3 -17 -16 39 109 -6 -5 6 -17 -6 87 4 -26 18 -14 1 93 -9 4 -36 -12 28 98 -11 -4 -13 3 
-323 -30 92 28 -35 496 -343 -379 137 130 61 496 -209 -278 151 -69 214 71 -68 11 157 -15 20 -165 -9 17 104 26 -15 -43 13 9 101 0 -25 -14 13 17 96 18 -23 10 4 12 100 11 6 9 -9 -16 95 -1 2 1 -5 -7 99 17 -7 23 -10 -26 73 11 20 -20 -11 -11 99 9 18 -46 -6 17 116 3 10 -22 3 
-345 28 144 67 200 496 -331 -371 241 15 -46 496 -129 -153 181 127 65 -255 -62 16 125 2 -23 -126 -16 -13 72 -14 -42 -65 15 36 96 -38 -43 -70 23 43 94 6 -41 3 7 -33 84 7 -9 -15 5 38 97 -22 7 -40 5 17 95 13 -18 5 3 -8 101 16 9 -24 0 18 96 -25 21 -54 1 21 114 19 -13 5 3 
-370 13 128 102 124 496 -301 -324 176 148 1 496 -167 -221 53 -66 79 89 -69 -58 165 -10 -11 -39 -11 32 95 2 -28 -50 7 25 74 21 -35 8 10 1 97 3 -7 10 6 34 100 12 -19 27 -2 -8 86 21 -19 30 -7 -18 103 0 -1 -19 0 27 98 4 -18 -5 1 -3 83 10 -17 -1 -2 -5 92 4 17 -47 3 
-102 -66 116 -75 -44 -64 -4 48 109 15 -26 -73 16 24 101 20 -34 43 9 5 66 -41 -37 28 12 31 96 1 20 41 3 3 105 15 10 60 3 -3 92 -10 7 21 15 38 105 -25 8 22 9 10 91 15 5 49 -3 -15 97 6 13 9 -5 8 99 -5 -2 -32 -1 23 105 0 -2 -24 0 0 107 14 -20 -39 3 
-296 -214 59 179 182 496 -223 -335 129 -127 137 109 -112 -61 235 -143 58 -82 -59 -23 105 -148 -149 -99 -22 4 51 -29 26 -120 0 40 135 11 -16 -75 -2 12 96 4 -65 -44 -1 10 75 -2 -8 -41 1 18 93 -3 4 -24 -4 -3 103 0 -8 -16 -5 9 85 1 3 -27 -5 19 99 8 13 -14 -4 12 101 18 0 -7 3 
-390 -181 8 -50 10 496 -292 -390 164 -70 75 170 -117 -50 211 -85 0 -95 -50 30 61 -27 -45 -95 1 27 107 13 -20 -50 8 36 111 -5 -51 -14 -8 6 68 -21 -23 -3 -10 20 96 -2 21 3 -10 21 100 -17 -5 -11 -15 9 96 4 -27 0 -12 9 96 4 -7 -3 -12 -1 90 -4 -2 -29 -4 21 103 -5 -15 -16 3 
-309 -76 51 91 216 496 -280 -345 210 35 123 457 -153 -164 191 -115 -4 43 -58 -3 100 -68 -67 -89 -5 35 91 9 -44 -27 0 -1 86 0 -34 -25 10 37 88 -21 -5 -28 5 28 92 3 0 -1 -8 -6 97 -2 5 -16 -6 23 103 -1 0 -20 -4 33 95 3 5 -19 -5 10 96 10 -2 -14 -4 13 99 1 0 -38 3 
-348 145 91 112 246 496 -390 -390 240 496 316 496 -205 -208 154 -235 65 -220 -48 163 175 -59 11 -150 -13 38 76 30 -89 27 7 37 76 -38 8 -55 8 70 101 -58 -11 -1 -9 23 100 -40 -16 20 -5 20 77 -62 -18 -18 -2 32 88 -30 7 -8 -10 18 101 -16 -8 6 -13 2 102 -21 -15 -16 -5 30 90 -28 2 -21 3 
-306 -22 49 -33 40 496 -319 -252 110 292 163 496 -194 -254 150 -148 109 81 -117 -50 146 -38 -45 -98 -39 -3 132 51 -18 -99 3 64 109 -10 -65 -60 10 35 74 -20 -52 -8 3 4 87 0 16 -17 -10 19 99 -43 8 -30 -17 -3 86 -7 -31 3 -6 5 98 -4 0 -33 -8 11 91 -16 1 -40 -9 21 106 6 -14 -1 3 
-325 54 126 33 40 496 -327 -174 117 280 -8 496 -217 -376 38 -29 126 272 -129 -74 192 -138 -34 -122 -66 -20 105 -5 25 -125 -15 15 107 -20 -46 -96 6 53 71 -52 -24 -83 4 26 90 15 -6 2 -2 6 105 3 3 4 -19 -15 85 -35 1 -28 -13 12 110 -11 -24 0 -7 6 88 -14 -9 -23 -7 12 96 -13 8 -31 3 
-324 -5 135 335 235 496 -286 -201 78 104 255 496 -168 -206 181 -44 145 268 -121 -107 207 -89 76 -65 -42 20 108 -50 -37 -40 -2 26 88 -31 -46 -19 0 34 116 -10 -28 -2 -8 -7 92 -9 -43 18 -5 -4 88 -38 -27 -25 -1 21 108 -20 -28 -8 -14 -21 101 -18 -52 -30 -3 18 77 -61 -9 -98 5 31 112 -7 -25 -35 3 
-362 -287 38 134 55 496 -256 -390 238 99 322 261 -104 0 212 -149 -24 -19 -67 -59 52 -68 -102 -53 7 63 127 -28 17 -86 9 52 111 3 -77 13 6 1 61 2 -22 32 3 -8 98 -3 3 17 0 17 104 -21 -17 11 -6 9 84 4 3 14 -5 4 114 11 12 -12 -3 19 107 -1 -27 -20 0 7 96 -1 -14 -1 3 
-309 89 95 206 326 496 -279 -53 169 110 255 496 -231 -313 169 -38 94 496 -128 -43 156 -33 148 -66 -69 -3 109 -9 -72 -20 -24 -1 131 1 -13 -44 -9 30 77 -72 -66 -34 0 35 90 -29 -17 -24 -6 33 115 -20 -7 -12 -15 -3 105 -48 -27 -15 -11 12 87 -100 -19 -66 -2 25 117 -67 -22 -61 -6 -10 98 7 -34 -32 3 
-271 74 64 60 417 496 -324 -2 136 29 156 496 -301 -347 172 132 192 496 -130 -63 160 -147 106 -115 -56 36 120 -229 -63 -150 -21 21 96 -73 -2 -4 -15 -9 101 -21 -55 12 -9 4 72 -33 -49 34 -10 -8 86 30 23 24 -13 -9 124 -10 -1 -4 -16 5 89 -4 -30 -9 -8 5 91 -4 -14 -4 -8 5 102 -15 -4 21 3 
-282 68 93 253 119 496 -326 -103 31 5 43 496 -243 -258 187 174 145 496 -164 -129 123 -171 54 99 -99 -59 144 -69 -50 -83 -24 33 109 -61 -26 -53 -12 -9 99 -65 -39 -25 0 28 97 -95 -99 25 -12 -41 73 38 -3 41 -16 -27 110 -40 14 -26 -10 -7 64 -288 19 -24 8 -14 65 48 125 -13 -12 -26 116 13 20 -12 3 
-179 198 243 77 199 496 -248 -72 99 -74 -59 496 -297 -236 45 -75 -66 496 -218 -261 109 -74 67 46 -88 -48 158 45 -11 -94 -19 -19 72 20 -56 -44 -2 -22 87 22 -2 -58 6 35 112 51 -38 -32 -9 -31 77 69 -2 -11 -19 -51 73 -12 53 -78 -5 38 140 -52 12 -79 -7 -3 108 -13 -23 7 -1 -39 87 19 4 -28 3 
-252 -82 180 50 245 496 -284 -129 -20 -39 181 496 -229 -274 139 -17 102 392 -171 -216 121 -54 59 4 -75 -7 142 -12 1 -138 -12 52 110 3 -80 -60 8 15 68 10 -59 -17 3 34 90 4 -15 -8 -9 10 105 35 -21 36 -15 -27 84 23 -2 6 -11 27 109 -6 24 -37 -11 31 108 0 -19 -17 -17 -5 93 24 -14 -13 3 
-369 46 100 -78 46 496 -322 -390 143 240 152 496 -172 -111 110 -171 148 92 -100 -56 169 -32 -61 9 -29 -15 87 39 -17 -27 -6 31 106 16 -36 -15 -3 28 88 -13 -65 38 -6 -1 83 11 -15 21 -10 10 100 -22 3 -39 -8 41 84 -35 -24 20 -10 -9 98 4 2 0 -13 7 92 11 10 -41 -11 37 93 -2 2 -12 3 
-141 -169 136 -80 55 108 -94 -2 126 1 7 13 -43 -31 105 18 -80 26 -14 0 70 -17 -39 -50 6 70 87 9 -17 -10 2 20 95 28 -21 0 -13 0 89 -11 -1 -47 -7 69 105 32 1 24 -12 -8 85 -4 -23 -15 -7 33 95 -18 -5 -40 -8 28 99 14 -2 8 -6 43 91 -23 0 -30 -13 12 101 -2 -18 -5 3 
-183 87 7 -239 43 496 -233 -83 79 119 171 496 -219 -301 207 22 166 316 -145 -81 155 -106 -30 -106 -64 -11 130 11 -70 -43 -8 -24 68 1 -81 -85 18 83 81 -78 -57 -84 13 47 78 24 -4 29 -6 -7 96 1 20 9 -20 -9 104 -5 -16 -2 -9 34 91 9 -7 11 -7 -3 82 5 -8 -5 -8 6 93 -3 6 -34 3 
