-3 14 -6 
-2 16 -3 
-3 19 -1 
-3 19 0 
-4 19 1 
-6 14 4 
-7 10 7 
-6 8 9 
-4 8 8 
-2 12 5 
-2 15 2 
-3 13 3 
-4 10 6 
-4 4 9 
-5 2 10 
-3 3 12 
-2 6 10 
-1 5 6 
-1 5 4 
0 1 4 
0 0 5 
1 1 5 
1 1 3 
0 -1 2 
-1 -5 5 
0 -5 6 
-1 -4 0 
-1 -4 -12 
-2 0 -19 
-1 2 -13 
-1 2 -3 
-4 1 -1 
-5 5 -7 
-6 9 -10 
-7 11 -9 
-7 10 -5 
-7 14 -10 
-5 18 -16 
-2 19 -17 
-1 19 -14 
-2 19 -10 
-3 19 -7 
-4 15 -4 
-5 14 -3 
-3 15 -2 
-3 18 -3 
0 19 -4 
0 19 -6 
-3 19 -7 
-6 18 -2 
-5 15 1 
-5 13 1 
-5 14 0 
-4 17 0 
-5 19 1 
-7 15 5 
-8 8 9 
-8 6 10 
-5 7 10 
-3 9 7 
-3 11 4 
-3 10 6 
-4 5 9 
-3 4 9 
-3 2 7 
-2 2 7 
-3 1 9 
-2 -1 10 
0 2 1 
0 1 -5 
1 -4 -8 
0 -5 -3 
2 -3 2 
2 0 -1 
0 0 -8 
0 -4 -7 
-2 -3 -4 
-4 -1 -3 
-5 2 -7 
-6 7 -13 
-6 13 -9 
-3 18 -8 
-2 19 -12 
-2 19 -13 
-3 15 -9 
-4 12 -4 
-4 13 -3 
-3 15 -4 
-3 15 -4 
-3 15 -4 
-5 14 -5 
-2 19 -3 
-3 17 -3 
-2 18 -5 
-2 19 -7 
-2 19 -6 
-3 18 -6 
-4 18 -6 
-5 19 -2 
-4 19 0 
