-390 117 202 89 320 496 -390 -307 177 106 115 496 -202 -361 104 -73 86 177 -80 -56 188 23 19 -22 -19 21 102 7 -34 1 -8 8 117 -45 -3 -23 -9 35 112 -44 -35 14 -15 -16 78 -43 -20 18 -17 -16 115 -56 0 -35 -11 31 108 -16 -42 -9 -11 -22 83 24 -33 5 -12 -21 105 -11 -10 -62 -8 37 99 -22 -34 -44 3 
-390 -65 60 154 201 496 -264 -377 147 -79 246 482 -155 -244 161 -93 116 0 -85 31 154 -23 81 -35 -50 -6 126 -29 -18 -17 -34 -5 110 -98 -25 -80 -11 42 119 -57 -8 -50 -9 10 117 -17 -54 -5 -15 9 72 -31 -42 1 -12 -4 84 -34 -3 3 -14 -20 106 -11 -6 -3 -17 -7 86 -43 -25 -27 -9 -3 92 -9 0 -8 3 
-335 -83 121 254 123 496 -190 -193 78 -55 241 393 -117 -121 167 -214 127 110 -100 -98 97 -199 47 24 -63 -68 143 -91 8 -59 -32 -21 84 -103 -54 -86 -10 0 95 -20 1 -93 -5 -2 132 7 -23 -58 -8 -8 96 -18 -12 -23 -2 -22 104 15 -2 -6 -4 -4 96 6 -27 -34 -5 3 81 -38 -19 -14 0 -19 101 -50 -29 5 3 
-219 -153 126 108 206 496 -163 -246 103 -193 146 302 -83 -66 172 -156 19 50 -69 -34 90 -143 -26 37 -40 -8 90 -63 -24 34 -25 -34 89 -8 -12 16 -13 -28 98 -16 -21 -31 -8 -6 84 -6 -12 -38 -12 -15 92 20 -2 -27 -17 -25 107 2 -10 -46 -16 1 100 -11 -19 -77 -9 17 97 -3 -11 -62 -8 0 100 15 -14 -32 3 
-120 -92 102 -39 -3 -9 -55 -48 98 34 0 -102 0 40 118 -12 -7 -114 4 32 110 -39 -27 -62 0 14 111 -33 -27 -34 -5 14 96 -18 -41 -10 -4 0 92 1 -34 -17 0 3 85 -4 -32 -29 5 10 80 1 -16 -23 9 8 93 26 -4 -9 6 3 94 26 -5 -8 5 17 97 14 5 -7 3 14 110 10 -6 4 3 
-136 76 13 -90 259 496 -252 -261 115 49 167 458 -126 -188 253 -46 79 141 -67 -48 91 -79 -19 -2 -25 0 103 13 0 -32 4 27 118 25 -36 -25 8 21 76 -16 -15 -23 11 31 108 -14 6 -23 1 14 111 3 -26 1 1 11 93 2 -10 -1 8 29 92 -12 3 -13 7 31 88 -19 -4 -12 7 20 99 0 -11 7 3 
-296 40 79 155 217 496 -291 -344 174 137 183 496 -143 -226 202 -196 130 41 -89 -5 153 -160 57 -61 -56 -30 119 -10 -36 -44 -13 3 107 -11 -29 -93 10 50 92 17 -37 -33 9 5 76 28 -27 -18 5 0 94 -13 4 -36 5 29 105 2 -13 0 3 25 83 4 -7 0 3 17 101 9 0 1 3 21 113 8 -7 11 3 
-233 -49 -6 -95 177 496 -251 -263 168 -3 188 460 -156 -219 193 -102 72 172 -80 -81 86 -43 15 -79 -14 17 111 45 20 -60 2 20 113 79 -22 -36 13 64 82 12 -12 -16 13 39 97 32 -7 30 -4 0 113 10 -4 16 -5 34 102 -15 -11 2 -4 22 94 -2 -19 17 2 9 94 0 -11 -7 5 37 86 -17 -4 -20 3 
-207 -43 56 70 209 496 -145 -153 96 30 154 461 -103 -119 141 -60 190 244 -84 -66 148 -18 64 126 -58 -71 116 -19 47 -20 -19 34 132 -21 20 -43 -8 21 112 15 -32 -6 3 6 85 6 -19 -39 22 76 92 -12 9 -36 6 22 94 11 -14 12 -1 -1 96 -2 -4 -21 6 45 99 -10 4 -33 0 20 91 8 -18 -10 3 
-133 -127 169 -114 91 34 -60 16 142 -28 -4 -28 -31 -5 83 20 -15 -38 5 65 115 -4 11 -45 5 58 114 10 -48 17 -6 9 84 -6 -30 3 5 32 95 -23 -7 -8 3 32 97 -9 -15 22 -1 15 93 -13 -5 10 0 13 91 -17 -6 -21 5 36 93 -5 -12 0 0 15 96 11 -8 14 3 24 97 -9 -4 -7 3 
-243 179 -18 78 126 496 -256 -294 120 52 108 496 -109 -25 74 350 263 -113 -108 -84 168 3 13 67 -63 -52 139 38 17 -85 -11 46 133 -9 23 -138 12 53 104 10 -56 -39 5 -23 72 -26 -5 -67 14 62 103 -49 10 -90 6 29 92 -39 -24 -15 -1 -17 90 -6 2 -33 8 39 102 -17 1 -50 4 23 94 4 -2 6 3 
-250 -104 189 358 243 496 -137 -143 -1 -173 201 436 -110 -143 141 -143 159 184 -87 -126 169 -46 51 66 -59 -50 95 -33 29 -44 -23 11 132 11 25 -54 -5 17 125 19 -29 -31 -5 7 79 -14 -26 -26 -1 21 94 -3 0 -16 -3 13 106 -1 -8 5 -7 0 99 -8 -15 4 -7 -5 97 -15 -2 -16 -6 6 101 -8 -4 -16 3 
-256 -14 93 154 239 496 -217 -238 103 1 217 485 -181 -162 211 -83 186 225 -129 -126 136 -27 14 -31 -38 45 112 -29 7 -68 -1 27 114 -7 -35 -45 9 68 74 -86 -23 -83 8 58 97 -21 -15 0 -8 -19 96 -22 1 -15 -4 30 98 -55 -3 -52 -2 32 94 -33 -6 -15 -6 -4 95 -28 0 -20 -8 7 91 -42 10 -54 3 
-195 15 116 87 200 496 -234 -302 169 14 124 476 -141 -209 193 -65 73 34 -62 -29 96 -12 -30 -59 -11 24 100 7 -15 -54 8 31 118 -33 -16 -81 12 62 77 -61 0 -49 1 18 101 -38 2 -9 -8 -20 96 -26 5 -34 -5 23 96 -37 12 -31 0 9 102 -5 0 1 -6 -11 91 -5 3 -20 -5 20 98 -5 11 -21 3 
-112 -227 144 -16 109 92 -58 7 148 -43 82 -56 -32 11 138 1 -12 2 -16 -27 91 -39 -20 -51 7 73 100 -79 35 -69 4 39 107 -1 -20 17 -2 -4 88 -19 -9 4 -2 4 98 -26 6 -23 -3 14 106 10 -17 12 -2 -5 96 16 -5 -8 1 23 98 -20 0 -36 0 16 100 12 -12 -5 1 8 92 -1 5 -7 3 
-125 -155 194 -106 42 -42 -47 18 122 -34 -40 -59 0 14 92 -5 -61 -42 16 58 97 -4 -36 -30 11 44 88 15 -30 25 -2 -11 90 16 -10 16 -5 -1 101 -22 -7 -28 -1 27 98 0 -4 0 0 7 95 10 0 -6 0 17 97 -11 0 -26 0 30 101 10 -2 0 -3 5 94 8 2 -8 -4 10 104 3 1 -33 3 
-330 -26 211 337 -92 496 -207 -295 37 58 108 496 -130 -255 131 -156 199 86 -73 -59 185 -66 69 -33 -42 -29 87 0 -27 -18 -2 -1 103 -34 9 -64 10 65 132 4 -21 16 0 -20 119 43 -12 92 -8 -17 101 -6 27 44 -14 -6 114 3 -3 35 -11 -10 91 -2 1 5 -9 -12 102 17 6 -13 -8 -1 104 26 -1 -27 3 
-223 -50 76 134 207 496 -182 -270 151 5 193 360 -120 -200 204 -131 100 2 -57 16 128 -74 57 -124 -20 43 134 13 -18 -37 -1 23 83 -14 -39 -27 13 63 96 -16 -5 4 -2 5 103 16 -3 34 -11 -10 110 10 -6 5 -6 33 93 0 -12 -5 -6 5 88 17 -7 0 -7 11 98 21 -1 -15 -5 19 93 17 -9 -21 3 
-225 39 104 96 182 496 -251 -205 95 108 108 496 -149 -277 210 -8 157 155 -51 0 120 -60 38 -83 -12 31 110 18 17 7 -4 0 115 0 -11 -5 0 52 90 -40 -13 -17 0 31 100 -22 -12 -1 -5 11 105 -32 -18 -26 -4 25 86 -19 -21 -18 -1 14 91 -8 -14 -28 0 23 99 4 -13 -43 0 31 106 17 -22 -17 3 
-194 52 111 188 208 496 -179 -30 89 101 146 496 -141 -179 162 -54 157 342 -112 -120 159 -62 83 100 -70 -6 154 34 23 -14 -37 -8 141 47 -28 -31 -11 18 91 -55 -54 -87 7 62 84 -48 -11 -62 5 32 103 6 -16 -26 0 42 92 -13 -40 -31 2 37 72 -25 -24 -2 1 15 86 -28 2 -13 1 25 96 -13 -1 -34 3 
