-186 208 127 177 496 496 -213 -219 295 235 472 382 -157 -180 344 70 170 70 -121 -85 297 -6 -146 -80 -113 -167 70 39 -195 -265 -120 32 27 2 -44 -362 -94 20 -66 93 137 -361 -23 188 147 64 182 -221 0 263 275 18 50 -59 -50 206 375 -163 -191 87 -104 53 245 -149 -496 169 -101 -3 -64 -118 -496 134 -66 27 -11 -102 -180 46 2 
-132 138 282 -109 -496 126 -188 4 -2 -39 -496 252 -71 82 -235 -200 -100 94 -46 -71 42 59 30 70 -26 -74 67 -30 -51 -1 10 -1 39 -24 -62 -14 16 -42 53 21 37 20 17 -35 133 13 -5 -13 24 0 95 0 -28 -24 36 2 87 57 -33 0 40 -18 83 24 -5 -16 37 -17 101 -10 -12 -16 37 -4 93 -2 -15 -3 2 
-154 209 -11 246 496 401 -227 -51 258 249 496 356 -180 -124 390 108 242 100 -162 -43 275 -4 -58 -31 -155 -113 129 110 -123 -119 -177 -150 -22 24 -32 -405 -74 126 91 59 144 -361 12 155 110 65 122 -227 9 288 351 -13 28 -73 -82 237 390 -92 -373 137 -149 14 132 -193 -496 190 -109 -128 -55 -142 -430 79 -55 15 -19 -113 -176 -11 2 
-210 -28 353 -14 52 -18 -206 31 288 0 -143 -18 -180 -151 -5 -73 -165 -247 -127 -52 -82 6 4 -434 -27 84 86 48 174 -381 23 198 165 68 65 -213 -16 261 334 -82 -59 -21 -82 134 358 -39 -366 143 -117 46 139 -167 -496 156 -85 -23 2 -175 -395 181 -88 -98 5 -77 -276 62 -53 14 -17 -107 -165 4 -14 17 35 -17 -101 76 2 
-220 -31 390 -110 63 62 -212 -80 265 28 -269 -66 -175 -134 21 -9 -171 -253 -129 19 15 -22 3 -437 -52 82 -63 54 298 -367 11 141 193 100 161 -209 3 202 320 -3 9 -138 -28 201 348 -42 -257 56 -47 100 201 -166 -390 129 -76 29 198 -169 -404 185 -106 -121 0 -160 -451 70 -61 35 -130 -140 -75 -16 -43 48 94 21 -77 90 2 
-177 -25 319 -31 -117 -10 -157 -83 68 40 -116 -147 -118 -57 104 -27 -43 -306 -104 29 -61 4 193 -404 1 162 171 80 192 -264 9 170 252 1 78 -177 -13 228 273 -83 -124 -5 -42 104 259 -79 -337 113 -69 37 171 -98 -416 129 -65 -17 46 -117 -460 113 -45 11 -40 -156 -225 79 -59 6 10 -3 -97 57 -40 -2 35 -50 -63 74 2 
-157 -61 339 0 -52 25 -134 -98 129 31 -126 -50 -126 -112 7 6 62 -240 -138 -51 -49 46 143 -414 -109 153 78 31 336 -356 -30 143 202 86 181 -185 -33 173 378 -29 -43 -126 -62 157 390 -38 -339 44 -102 -13 155 -73 -496 99 -55 30 -17 -132 -357 40 -59 -15 39 -93 -238 100 -77 -51 -2 -55 -171 -1 -39 20 34 -4 -63 7 2 
-130 -33 315 30 46 70 -137 -91 180 113 -47 19 -142 -103 93 23 21 -167 -172 -59 -102 75 214 -369 -113 78 125 95 304 -371 -63 112 131 149 128 -270 -61 162 200 38 118 -201 -67 217 366 -65 -107 11 -122 79 390 -86 -475 110 -169 -39 31 -60 -496 84 -55 41 -35 -106 -356 48 -61 11 48 -92 -265 100 -62 -48 -20 -49 -215 14 2 
-209 -96 344 56 -33 54 -180 -74 212 -12 -108 -68 -170 -99 79 7 -156 -201 -141 -56 -58 32 22 -349 -86 17 -8 67 193 -373 6 132 98 103 192 -279 6 199 197 59 156 -158 -31 216 380 -24 -48 1 -70 110 337 -66 -324 88 -103 45 205 -84 -480 129 -106 0 25 -114 -496 183 -65 -66 -32 -175 -242 -1 -67 32 60 -39 -150 2 2 
-69 48 371 -66 -349 137 -112 0 160 -56 -496 80 -85 38 55 -78 -481 114 -72 -32 -49 -141 -326 88 -54 18 -12 -69 -57 45 -46 -27 87 -29 -61 44 2 -25 58 -10 -85 16 35 -15 13 5 -44 13 42 -21 54 -5 0 14 44 -13 80 19 -5 0 34 -28 76 4 12 -5 37 -25 89 -3 12 -11 37 -22 91 17 4 -8 2 
-95 208 390 -127 -123 38 -147 106 346 -146 -405 79 -166 32 158 -156 -496 133 -142 -53 10 -59 -496 39 -93 40 -167 -224 -298 -5 -62 16 -32 53 3 74 -43 -80 56 -21 -74 23 7 -15 53 -46 -53 -25 23 3 42 17 0 38 12 -61 126 56 -19 74 19 -77 91 -8 -35 -42 33 3 82 -20 -42 -43 36 4 73 30 -11 6 2 
-212 -96 340 -31 -16 -36 -195 -153 159 7 -151 -157 -165 -132 47 57 -23 -303 -137 -38 -40 49 87 -393 -28 177 85 148 202 -318 32 243 136 66 196 -174 27 254 333 -44 22 0 -54 107 376 -127 -203 142 -131 -7 297 -150 -466 161 -150 -84 60 -144 -496 79 -74 0 -87 -184 -227 -33 -70 42 89 31 -147 44 -58 -39 -89 -32 -185 20 2 
-206 -100 323 -60 -69 -63 -178 -95 141 -13 -181 -174 -145 -96 -51 -103 -24 -334 -87 72 -35 89 243 -389 0 164 96 127 280 -274 19 195 195 93 217 -152 -15 180 389 -64 4 -29 -88 99 384 -99 -320 67 -94 67 197 -135 -471 107 -100 39 103 -202 -480 145 -103 -34 -105 -198 -343 10 -53 51 -30 -83 -149 39 -36 -29 55 12 -56 38 2 
-174 -132 235 33 -71 -51 -166 -126 83 -33 -33 -275 -157 -61 -17 73 101 -395 -128 55 8 50 293 -369 -31 181 168 121 248 -266 -18 203 262 70 104 -113 -44 158 301 -56 -115 13 -78 125 349 -118 -362 92 -110 33 126 -160 -496 94 -60 59 56 -133 -402 85 -91 -83 -1 -164 -418 112 -67 40 -131 -136 -117 68 -58 0 86 79 -11 107 2 
-204 -13 313 -48 -28 1 -191 -123 170 32 -167 -60 -180 -97 -42 -85 -59 -343 -119 5 -4 134 64 -394 -66 101 -48 111 326 -339 -33 187 201 92 228 -223 -47 153 282 80 151 -84 -68 154 390 -118 -169 -37 -118 96 293 -120 -478 64 -138 -34 98 -67 -496 94 -74 7 -63 -236 -391 26 -63 -9 -50 -123 -164 45 -48 -12 69 63 -73 28 2 
-182 -19 286 -30 -156 -86 -140 -98 -23 94 -51 -133 -117 -110 77 -9 -19 -356 -63 64 14 84 293 -321 3 112 225 71 218 -245 -6 257 390 -35 -7 -104 -65 121 273 -73 -329 92 -81 36 199 -90 -473 72 -93 10 9 -163 -496 115 -82 -67 -90 -145 -213 56 -54 7 66 -34 -80 13 -32 -23 23 10 -102 21 15 -22 20 -2 -14 27 2 
-199 -148 239 0 -109 -74 -148 -114 39 -6 -81 -236 -118 -8 10 31 84 -366 -40 64 -22 103 207 -303 8 135 196 74 277 -204 4 180 329 17 46 -87 -25 124 324 -58 -160 26 -58 64 269 -91 -345 69 -71 -10 102 -74 -439 78 -63 10 -76 -121 -255 58 -75 -24 35 -84 -141 43 -68 -7 -16 -111 -142 0 -43 -33 16 0 -17 17 2 
-208 -114 21 -5 -150 -278 -119 4 6 62 89 -336 -55 22 24 118 205 -341 2 194 170 62 160 -281 -5 288 381 -48 91 -77 -73 96 390 -88 -266 113 -115 -10 194 -61 -496 38 -82 40 32 -81 -463 58 -64 -22 11 -145 -329 80 -67 -2 -27 -63 -149 -19 -54 16 39 -7 -37 25 -25 -40 48 -6 -36 13 8 -38 45 9 -30 -3 2 
-208 -189 178 18 -110 -169 -174 -43 -81 -38 19 -394 -95 11 4 186 160 -306 -27 86 37 117 250 -295 17 230 230 31 245 -155 -8 173 390 -31 6 47 -74 40 390 -90 -314 54 -130 67 224 -73 -496 97 -117 -62 -4 -159 -442 93 -84 -18 -3 -183 -307 -38 -78 53 -90 -34 -180 0 -37 6 14 15 -8 26 -1 -53 63 -2 -25 3 2 
-224 -83 329 8 -71 -45 -175 -123 71 54 -114 -161 -143 -41 60 30 38 -337 -61 39 -55 90 189 -337 5 123 161 52 266 -261 25 191 290 27 15 -93 0 122 357 -29 -153 6 -45 83 280 -34 -374 69 -85 16 121 9 -496 130 -76 -9 -82 -281 -362 26 -57 15 -78 -30 -76 48 -61 -18 85 38 19 49 -35 -43 53 6 -50 10 2 
