-325 -199 105 -336 445 -496 -78 305 1 -496 425 -458 -135 333 -96 16 381 80 -134 287 260 496 496 496 -35 104 390 407 441 496 -177 -305 100 -139 -496 496 -127 -341 198 -161 -68 -128 -226 6 -56 -392 -416 -333 -17 111 45 90 12 -154 -8 34 1 227 210 -5 9 5 247 83 137 -72 7 3 77 0 -45 -8 10 10 95 5 15 21 1 
-200 14 93 -424 496 -496 -135 281 -119 -356 399 -356 -192 306 139 260 496 393 -20 283 390 341 496 496 -174 -205 252 128 -496 496 -162 -369 144 -283 -408 6 -160 119 -109 -240 -126 -262 -44 20 85 22 -49 -44 -29 -62 137 20 56 -72 13 90 37 -60 74 -99 20 36 139 38 95 41 -9 -41 54 18 22 50 0 42 63 -26 178 71 1 
-110 157 390 -41 -388 496 -170 -379 390 -451 -496 496 -390 -187 -153 -467 -496 -265 -119 10 111 -91 436 -417 -20 119 23 -184 -131 -157 10 8 0 68 216 -67 42 -16 236 40 46 -86 29 36 44 41 35 -61 14 -15 47 -57 91 -28 -1 -10 49 -33 171 -8 -11 88 13 -61 390 76 -20 65 165 54 344 294 -28 -2 382 53 60 395 1 
-258 -208 69 -212 -496 -23 -233 -137 -186 -289 3 -482 -169 71 110 -455 87 -496 -94 297 -105 -354 496 -183 -158 310 259 482 496 386 -39 279 390 128 98 496 -117 -350 331 -134 -427 496 -186 -216 38 -294 -184 -252 -119 40 -16 -176 -387 -177 -18 20 48 15 0 -22 -10 -39 132 119 111 -29 -12 0 16 8 -127 -80 31 28 110 -14 33 -9 1 
-94 90 180 -434 440 -496 -113 232 -142 -23 494 -84 -137 196 212 477 496 326 3 247 390 209 475 310 -133 48 252 -12 -488 496 -251 -390 92 -283 -496 160 -86 77 -92 -310 231 -322 -27 22 122 -84 -183 -3 -16 -50 81 175 5 30 13 -21 82 28 1 -86 39 44 101 -5 50 -64 26 32 90 46 47 34 4 -15 101 34 29 53 1 
-110 147 190 -496 322 -496 -108 235 -168 -119 496 -43 -113 191 238 260 496 423 -28 115 390 -1 -106 496 -100 -185 77 -151 -440 496 -108 -175 77 -205 -248 91 -92 -80 16 -131 -201 -29 -41 -30 27 -45 6 -88 -11 -3 67 56 71 -76 5 0 67 77 56 -56 13 13 120 50 81 -5 0 0 106 11 20 47 -1 -15 91 20 43 57 1 
-134 147 97 -485 473 -496 -135 251 -59 21 496 -45 -101 197 318 262 446 427 -31 84 378 112 70 496 -44 -226 300 -91 -396 445 -183 -188 106 -297 -496 76 -118 -24 -68 -227 -89 -147 -39 -10 94 -60 -56 -113 -18 -15 48 74 -29 -76 22 3 57 17 150 -78 45 23 136 27 38 -29 17 16 70 33 46 44 4 10 68 43 161 78 1 
-151 66 142 -383 463 -496 -102 271 -73 3 496 -154 -109 237 151 176 496 428 -67 198 390 54 103 496 -117 -260 119 41 -323 496 -187 -274 93 -304 -438 -48 -102 27 59 -188 -132 -205 -41 18 81 -29 -128 -85 -26 -18 0 -42 -52 -19 13 -1 72 -2 104 -64 23 25 126 56 35 -8 5 4 81 34 43 35 9 13 68 2 100 67 1 
-83 -166 276 -5 -259 496 -215 -332 50 -258 -496 136 -118 -67 34 -124 -129 -152 -67 5 76 -63 -117 -156 -23 46 -10 29 25 -76 28 9 131 75 115 -75 28 20 99 21 20 -27 15 17 73 -1 47 30 4 -9 88 4 45 61 0 -8 83 -10 51 42 9 22 69 -14 115 68 -4 7 118 37 163 129 -9 -13 167 -28 18 165 1 
-230 95 -157 -496 168 -496 -83 328 -91 -345 258 -469 -228 260 -100 186 496 338 -110 188 390 261 496 297 -167 62 390 -198 -496 496 -167 -390 99 -184 -496 323 -181 10 46 -253 -267 -297 -80 58 -10 -52 -146 -106 -34 -10 -5 77 -5 -24 11 1 140 -17 16 -115 23 53 78 20 29 -42 11 34 87 34 74 54 -3 -6 69 18 52 75 1 
-188 -322 299 -248 -351 140 -241 -193 96 -347 -496 -175 -122 -69 -37 -189 -193 -410 -133 -34 -42 -295 29 -480 -81 221 -69 -212 436 -420 -51 219 62 -24 496 104 -91 232 211 133 464 423 -88 65 390 96 90 496 -108 -136 252 33 -117 496 -178 -277 355 -162 -342 78 -198 -60 26 -269 -496 -180 -139 -125 -76 -168 -324 -260 -160 -35 -9 -453 96 -496 1 
-68 74 348 35 -44 496 -76 -106 222 -137 -226 496 -169 -242 329 -123 -334 267 -266 -291 -39 -202 -479 -302 -181 -91 2 -315 -171 -496 -136 184 -63 -441 196 -496 -60 238 -19 -122 427 -42 -96 286 220 162 496 334 -96 172 368 179 229 496 -75 -62 219 -45 -142 496 -140 -241 358 -256 -235 233 -250 -227 68 -209 -496 -38 -133 -63 8 -182 -186 -363 1 
-84 64 390 40 -57 496 -111 -272 151 -125 -190 415 -195 -253 282 -190 -494 19 -265 -284 -49 -233 -415 -484 -144 54 -4 -355 78 -496 -74 239 -132 -220 356 -388 -83 287 -5 -22 496 137 -160 264 299 168 473 496 -129 1 390 -33 11 496 -169 -327 229 -92 -287 398 -259 -192 284 -316 -496 -38 -166 -100 -39 -164 -413 -320 -150 -73 -105 -214 -104 -394 1 
-60 137 281 131 163 496 -76 -109 256 -2 56 483 -191 -198 390 -112 -355 302 -281 -282 25 -262 -496 -41 -190 -97 16 -293 -211 -496 -149 137 -58 -483 95 -496 -56 215 -75 -217 415 -254 -69 255 -33 -54 496 148 -219 239 266 179 496 496 -119 -22 390 -35 -143 496 -105 -293 223 -150 -113 319 -232 -169 390 -254 -496 7 -257 -131 -109 -259 -496 -171 1 
-85 -33 238 -30 89 496 -181 -212 390 -139 -50 356 -388 -390 -17 -230 -496 100 -216 -79 106 -80 124 -496 -278 36 -208 -496 -243 -496 -61 274 -30 -188 315 -374 -64 260 24 -72 496 39 -134 253 239 -22 496 462 -122 56 390 35 166 496 -93 -173 278 -202 -162 431 -207 -210 390 -60 -496 205 -243 -181 -124 -265 -496 -129 -141 -95 44 -194 -286 -362 1 
-118 -48 390 -97 -108 496 -131 -73 359 -86 -52 428 -291 -326 372 -126 -496 246 -242 -94 -282 -469 -276 -496 -116 -14 32 -271 -131 -394 -132 104 -71 -234 288 -496 -62 286 -26 -102 471 -8 -132 277 336 171 496 399 -70 143 235 57 130 496 -90 -77 182 -14 38 496 -133 -292 390 -168 -129 327 -264 -230 113 -271 -496 -170 -215 -139 87 -184 -494 -398 1 
-235 -235 164 -54 -496 169 -220 -161 70 -202 -297 -496 -151 62 -83 -280 -265 -482 -69 124 -156 -250 72 -297 -42 195 -20 13 334 -151 -109 265 112 126 496 239 -44 96 387 51 389 292 -17 28 277 -212 -1 273 -105 -25 153 -106 -110 405 -209 -308 315 -42 -296 212 -296 -267 43 -310 -496 -220 -187 -75 -91 -215 -354 -456 -106 154 -129 -143 118 -474 1 
-65 -63 258 32 45 496 -127 -215 390 -217 37 180 -224 -97 76 -182 -496 -1 -169 -250 -31 -151 -364 -222 -165 -91 31 -240 -337 -390 -50 206 -121 -258 173 -339 -47 227 -105 -23 462 -121 -39 313 213 130 496 315 -46 55 379 114 232 442 -16 -83 270 -200 -35 224 -103 -171 317 -190 -273 91 -170 -334 41 -108 -418 -114 -147 -138 -47 -156 -312 -366 1 
-164 -89 94 -76 -376 -203 -152 -76 -38 -175 -224 -347 -92 60 -60 -199 -13 -421 -29 280 -126 -31 345 -114 -32 325 272 94 472 218 -40 178 251 37 261 496 -44 -81 286 -55 125 385 -164 -159 364 -263 -482 284 -196 -172 184 -135 -272 -214 -183 -145 -12 -131 -393 -332 -140 44 -97 -296 -224 -472 -56 106 -75 -141 120 -313 -57 212 -146 -18 489 -86 1 
-222 -107 113 -106 -496 98 -188 -206 -34 -178 -225 -337 -176 -30 -40 -299 -185 -496 -59 162 -107 -202 205 -366 -67 275 -53 -56 496 -10 -36 275 390 177 442 303 -30 99 251 74 214 471 -63 -69 319 -50 25 448 -188 -182 227 -243 -392 263 -197 -277 196 -11 -319 -152 -224 -145 -5 -224 -366 -487 -133 164 -111 -401 -58 -496 -93 204 -155 -111 349 -298 1 
-271 -301 18 -356 -347 -354 -156 36 152 -352 -46 -496 -123 131 -152 -286 67 -496 -53 205 -11 -88 412 -71 0 183 241 253 444 212 3 153 353 172 150 481 -80 -64 314 54 -206 496 -261 -390 121 -94 -496 189 -178 -96 122 -353 41 -496 -177 22 32 -317 -178 -496 -52 197 -65 -74 275 -323 -15 219 25 166 439 74 20 271 335 213 232 371 1 
-257 -378 110 -350 -456 -133 -155 -35 154 -461 -74 -496 -78 133 -45 -183 -9 -348 -77 116 -75 -57 423 -205 -18 192 173 143 376 -3 2 211 216 244 210 335 -16 97 272 70 119 496 -86 -88 361 -138 -147 496 -212 -338 122 -219 -332 122 -157 -122 190 -335 -378 -236 -211 -113 -159 -255 -293 -373 -69 142 -69 -357 278 -457 -22 195 -34 -93 417 -122 1 
-238 -218 99 -305 -420 -177 -180 -52 -9 -186 -124 -479 -113 71 -81 -160 114 -496 -28 221 -19 -169 408 -312 -20 224 23 8 496 9 -54 248 182 137 496 416 -74 112 390 -66 -93 496 -182 -222 181 -153 -232 466 -210 -256 233 -72 -390 17 -227 -180 32 -207 -370 -268 -191 -78 -60 -378 -303 -496 -39 238 -66 -342 133 -470 -14 199 -61 -66 388 -129 1 
-202 -152 180 -56 -299 496 -212 -264 294 -284 -467 133 -202 -81 54 -302 -460 -241 -123 -87 -70 -111 -269 -250 -98 37 -118 -243 165 -496 -7 250 -116 -82 398 -225 -70 298 -14 75 496 107 -73 311 390 227 496 444 -135 22 271 -124 -172 496 -201 -295 246 -225 -328 318 -232 -182 184 -239 -435 -188 -154 -46 -47 -157 -310 -339 -114 1 -87 -268 5 -476 1 
-106 136 390 -109 -91 496 -223 -390 248 -233 -337 461 -239 -206 332 -285 -276 -297 -269 -92 -63 -371 -496 -462 -118 52 -80 -285 55 -496 -54 222 -90 -73 265 -360 -14 243 -51 55 496 -6 -93 326 283 161 496 362 -120 138 390 -53 50 496 -180 -351 305 -265 -238 476 -261 -116 312 -450 -496 35 -223 -155 7 -146 -496 -187 -182 -90 28 -221 78 -449 1 
-68 -60 257 -30 24 496 -150 -187 325 -224 -146 291 -288 -215 227 -136 -496 -15 -298 -158 -146 -402 -332 -496 -134 141 48 -317 -141 -496 -30 269 -131 -87 291 -374 -46 266 -85 -21 496 90 -99 322 170 187 496 404 -117 41 390 17 238 496 -175 -275 283 -237 -249 314 -255 -132 279 -294 -476 -139 -198 -68 9 -88 -496 -215 -165 -67 -67 -273 -226 -399 1 
-88 -94 245 -168 -57 496 -153 -107 226 -265 -182 236 -262 -178 299 -153 -496 0 -289 -189 -155 -298 -496 -380 -113 2 75 -237 -195 -447 -24 145 -133 -140 104 -298 -28 212 -88 -70 396 -89 -19 305 257 213 496 177 -13 156 255 175 237 466 -35 -132 253 -63 192 332 -140 -134 389 -267 -248 190 -190 -221 116 -37 -376 5 -209 -160 158 -185 -381 -315 1 
-210 -69 104 -235 -234 -479 -107 150 -39 -116 -136 -496 -25 164 -93 55 181 -299 -58 247 -128 36 496 -122 -57 359 295 157 496 225 -48 170 310 -4 -6 496 -87 -211 165 -207 21 399 -116 -26 390 -312 -242 118 -207 -177 83 -82 -496 22 -173 -118 81 -150 -313 -404 -100 96 -27 -252 -320 -496 -15 164 -144 -63 142 -327 -40 226 -119 50 441 -124 1 
-113 -166 277 -219 -37 410 -153 -54 390 -365 -368 120 -207 -124 -1 -151 -496 -62 -132 -109 -41 -151 -205 -373 -89 91 -63 -132 -103 -496 -20 207 -80 28 286 -338 -23 244 -51 5 496 -22 -24 380 352 120 496 292 -70 59 185 -129 66 496 -143 -277 206 -304 -65 359 -155 -9 383 -300 -480 -11 -188 -218 -92 -144 -391 -242 -128 -52 36 -244 -84 -496 1 
-55 -130 236 -91 48 496 -110 -134 245 -375 -153 194 -140 -42 214 -225 -496 33 -171 -265 -53 -71 -352 -216 -114 58 -8 -201 -42 -496 -48 151 -94 21 183 -367 -38 145 -90 70 430 -128 7 303 240 186 433 56 -41 243 195 47 328 355 -74 -9 262 -104 140 496 -166 -308 265 -373 -266 171 -155 -80 225 -281 -362 -194 -145 -94 31 -139 -340 -283 1 
-264 -272 248 -175 -183 -295 -163 0 27 -178 -269 -372 -152 -146 -48 -174 -268 -319 -12 276 -154 -200 201 -289 -10 280 9 160 496 12 -28 147 269 327 496 370 0 98 390 -139 62 282 -91 88 162 -223 -154 491 -230 -278 188 -165 -132 343 -334 -345 119 -211 -367 -251 -224 -11 -108 -415 -244 -496 -86 128 -74 -114 72 -454 -18 313 -64 93 426 -99 1 
-249 -23 -193 -478 -173 -496 -55 161 -163 -188 50 -329 -24 187 -4 95 411 -102 14 271 168 313 496 171 -18 176 390 208 275 487 -48 -83 218 -199 -3 273 -187 -102 323 -295 -244 180 -254 -258 61 -81 -496 -28 -180 -121 -28 -210 -214 -425 -87 71 -92 -192 -203 -382 -28 204 -204 -66 396 -218 -31 254 63 206 496 94 0 269 390 236 491 319 1 
-278 -192 168 -159 -496 51 -158 -81 -97 -216 -172 -375 -110 31 -56 -240 -132 -418 -18 240 -105 -63 308 -197 1 224 41 114 483 93 13 255 377 265 496 320 -46 1 193 -72 12 461 -164 -224 292 -272 -79 269 -275 -187 257 -174 -470 -143 -209 -87 -76 -263 -360 -487 -126 11 -39 -248 -212 -496 -21 283 -172 -109 259 -230 0 311 21 100 466 135 1 
-306 -319 -125 -383 -496 -352 -64 102 0 -238 -136 -381 -38 97 -127 58 30 -232 -6 116 -142 1 361 -177 41 243 129 136 496 26 29 280 363 127 400 308 -120 -106 168 7 102 496 -173 -203 319 -174 -97 163 -224 -140 244 -199 -453 -36 -178 -152 -18 -151 -314 -254 -126 28 -48 -303 -152 -491 4 267 -143 -71 174 -276 10 281 -26 120 468 104 1 
-70 12 118 -44 -74 496 -167 -225 387 -127 -10 182 -262 -203 196 -271 -496 -76 -158 -71 -17 -320 -381 -420 -79 79 -154 -245 -86 -413 -35 236 -96 42 429 -146 14 285 38 168 440 136 -30 296 348 302 496 368 -96 0 234 -32 -3 496 -161 -245 334 -258 -130 273 -247 -215 135 -253 -383 -47 -170 -105 95 -102 -369 -273 -143 -80 -78 -167 -323 -406 1 
-171 -144 212 -104 -71 444 -226 -168 308 -292 -347 86 -219 -155 81 -218 -361 -167 -162 -36 -70 -326 -431 -417 -66 104 -109 -183 -12 -465 24 237 -68 -8 355 -220 -6 306 9 98 496 192 -46 214 390 236 464 452 -77 -92 212 -206 22 324 -194 -176 342 -207 -205 145 -259 -312 0 -215 -496 -81 -143 -55 -20 -188 -206 -496 -29 206 -128 -124 2 -433 1 
-242 -118 21 -296 -401 -480 -110 40 -42 -136 -183 -473 -47 135 -129 -12 136 -280 -11 251 -53 1 396 32 26 273 194 70 374 318 -40 173 278 134 239 496 -141 -210 307 -40 33 388 -218 -167 313 -194 -231 -67 -204 -91 151 -159 -413 -176 -160 -29 -79 -320 -458 -421 -57 76 -99 -229 -71 -430 10 219 -145 14 333 -110 16 185 175 197 428 68 1 
-87 45 291 -136 153 484 -219 -301 266 -234 -238 153 -235 -136 288 -143 -317 -106 -202 -90 24 -182 -496 -259 -104 47 -93 -290 -245 -458 19 213 -139 -90 74 -244 20 205 -67 78 328 -11 -18 244 93 144 496 300 -47 188 390 75 292 496 -133 -254 190 -152 60 380 -177 -77 258 -266 -37 83 -242 -69 153 -240 -496 147 -216 -205 -103 -114 -256 -337 1 
-306 -198 -21 -386 -496 -496 -73 150 -163 -217 -76 -483 -24 198 -62 42 248 -182 21 253 -53 184 460 93 -1 255 311 277 496 324 -62 77 259 -62 -14 496 -163 -211 390 -120 -14 143 -215 -110 76 -300 -496 -109 -129 -65 15 -66 -351 -269 -72 74 -131 -62 -111 -449 -13 141 -162 -12 277 -160 13 255 100 142 496 45 42 277 202 29 199 319 1 
-226 -221 94 -280 -450 -197 -139 -31 83 -158 -344 -330 -86 37 -97 -10 -230 -337 -25 126 -131 113 144 -241 8 218 -46 34 336 -106 31 312 132 57 446 94 -34 101 133 27 290 374 -146 -62 377 -5 386 266 -233 -56 344 -354 -496 146 -183 -133 23 -207 -396 -204 -131 -49 30 -151 -374 -240 -65 107 -81 -44 -178 -406 23 172 -124 152 204 -200 1 
-126 -101 91 -161 -360 -211 -117 -75 -72 -210 -270 -301 -72 42 -50 -30 -47 -329 -19 167 -63 89 228 -303 18 227 -107 79 352 -89 19 222 228 177 496 174 35 11 219 -43 117 206 18 47 221 -89 122 253 -64 21 287 -85 -64 440 -166 -328 139 -220 -153 20 -125 -23 187 -105 -346 -86 -186 -168 11 -140 -362 -289 -61 68 -43 -202 -75 -298 1 
-164 -61 172 -189 -329 -229 -156 -126 25 -123 -328 -322 -71 81 -65 -135 -52 -319 -49 66 0 90 93 -320 29 184 -59 42 130 -210 15 217 24 84 406 108 50 103 229 -63 256 231 36 39 241 -31 230 329 -81 -79 337 -73 47 307 -161 -124 196 -218 -306 138 -141 -152 191 -115 -368 -31 -169 -180 18 -205 -426 -157 -102 10 -127 -177 -41 -351 1 
-136 -130 75 -118 -178 -202 -169 -139 16 -99 -390 -270 -62 117 -87 -135 -17 -345 -16 73 -89 46 80 -206 13 148 -124 43 317 -115 29 247 177 239 496 113 39 113 347 -3 255 287 -9 1 189 -123 79 317 -105 -57 338 -108 -136 370 -209 -338 85 -80 -250 -51 -131 -44 216 -69 -255 -160 -159 -141 49 -211 -401 -266 -58 92 -87 -142 -85 -325 1 
-139 -145 48 -180 -226 -217 -121 -98 105 -13 -97 -279 -126 -39 13 -140 -256 -384 -38 125 -113 -73 158 -271 19 195 26 64 292 -60 28 193 85 114 376 121 52 69 252 65 309 245 19 41 323 -59 -53 334 -55 -104 210 -115 -84 302 -108 -175 212 -115 -250 169 -188 -260 66 -243 -413 -196 -117 -67 -48 -147 -174 -363 -82 25 -69 -108 32 -319 1 
-196 -248 86 -181 -253 -235 -129 -54 8 -118 -262 -383 -74 53 -89 -103 -31 -355 -16 162 6 29 160 -230 30 232 -41 -15 252 -22 49 170 49 83 439 221 22 28 382 18 277 248 -19 57 178 -160 -1 337 -137 -261 275 9 -62 297 -173 -142 146 -246 -430 -97 -147 -154 26 -196 -363 -268 -143 -77 -42 -159 -154 -337 -82 110 -69 -22 159 -356 1 
-182 -235 106 -146 -360 -228 -138 -78 -59 -89 -182 -346 -110 62 -78 -75 66 -384 -46 135 25 31 253 -163 6 190 32 -29 400 -18 64 229 134 67 229 261 42 12 325 65 122 454 -46 -153 265 -177 -105 265 -142 -178 146 -159 -340 133 -199 -306 69 -160 -496 -67 -149 -109 15 -189 -269 -306 -99 -7 -45 -50 -14 -383 -39 130 -28 -6 127 -337 1 
-275 -190 106 -260 -496 75 -116 -113 -28 -81 -59 -231 -153 -108 35 -187 -449 -268 -98 54 -134 -148 59 -374 -21 153 -11 22 239 -196 -17 161 26 56 404 63 41 208 164 111 496 196 25 192 389 -59 116 421 -130 -276 99 -61 -58 496 -138 -163 390 -206 -33 -114 -165 -119 5 -140 -496 -38 -144 -235 25 -157 -93 -316 -94 25 14 -241 -173 -411 1 
-117 -101 5 -111 -227 -134 -108 -136 96 -72 -209 -199 -135 -71 -4 -219 -302 -348 -39 88 -100 14 148 -277 -15 76 -23 66 267 -182 20 188 -28 46 436 -21 4 275 334 211 496 209 -44 -15 230 -105 33 325 -87 -72 253 -161 -32 187 -123 -20 219 -189 -362 212 -146 -258 53 -153 -416 67 -105 -83 149 -208 -328 -177 -106 -33 -158 -281 -375 -328 1 
-146 -76 218 -207 -373 -227 -143 -24 -176 -259 -424 -305 -64 42 -19 -43 93 -306 -29 84 -54 74 196 -210 15 126 -31 14 362 -11 38 265 251 130 496 101 19 106 182 -83 71 324 -44 -33 249 -46 260 313 -178 -109 364 -332 -428 313 -178 -230 7 -115 -290 -238 -118 -73 124 -27 -297 -226 -130 -52 -45 -228 -324 -380 -35 79 -53 35 57 -312 1 
-105 -84 91 -230 -230 -93 -103 -20 195 -152 -452 137 -168 -230 -37 -203 -382 -100 -83 -39 -44 -41 -49 -311 -32 19 -21 36 98 -319 -9 95 -57 10 209 -228 57 204 39 27 275 -48 35 222 76 117 397 160 -2 110 265 69 434 334 -58 -3 280 -108 5 439 -135 -235 193 -166 -161 189 -113 -137 222 -19 -246 -44 -125 -142 57 -116 -342 -150 1 
-133 258 292 86 496 215 -91 214 311 134 289 450 -16 -17 390 122 -150 466 -52 -225 362 -22 -496 220 -94 -299 152 -116 -496 -179 -169 -125 -15 -321 -360 -358 -131 94 -131 -431 9 -331 -333 217 -234 -268 496 92 -171 210 390 271 496 223 -107 191 225 -75 152 473 12 -11 383 42 -232 455 -50 -232 372 50 -496 202 -115 -388 193 -229 -496 -235 1 
-99 290 303 116 393 238 -119 192 384 -199 -2 496 -71 -189 390 132 -496 496 -69 -390 231 -221 -496 -75 -235 -47 29 -496 -496 -377 -152 -111 -64 -301 13 -353 -240 229 -151 -194 496 -139 -238 232 104 49 496 126 -116 200 270 4 468 313 -64 190 390 36 142 467 -7 -201 390 19 -496 496 -123 -293 152 -81 -496 -11 -111 -145 149 -262 -496 -265 1 
-254 170 51 -101 496 -29 -119 275 268 -44 496 191 -73 227 327 -127 136 451 -55 88 390 79 -187 496 -27 -274 379 182 -496 379 -116 -349 91 -176 -496 -128 -125 -134 98 -353 -482 -323 -175 26 -86 -374 71 -427 -169 177 -50 -246 496 -90 -228 278 197 -80 496 53 -102 211 296 38 465 304 -31 169 390 -160 -51 496 -120 -130 297 109 -496 496 1 
-148 -209 123 -411 -496 -375 -176 -58 -62 -438 -218 -449 -216 213 -231 -159 375 -276 -212 274 56 -88 496 -1 -126 273 328 84 496 143 -48 177 305 -76 65 496 36 -80 285 -15 -216 410 68 -186 390 146 -496 260 -133 -333 73 -320 -496 -84 -162 -191 -169 -425 -88 -282 -157 45 -111 -492 94 -314 -283 218 -26 -191 496 -91 -36 286 390 149 496 150 1 
-86 -312 149 -59 -496 45 -65 -325 68 -141 -350 -282 -142 -153 -30 -260 -135 -393 -242 238 -260 -274 375 -269 -216 155 92 72 496 -38 -61 250 314 -67 251 272 -23 173 333 81 -30 414 62 -152 390 120 -496 406 -64 -330 6 26 -496 101 -55 -121 -114 -141 -99 -88 -16 11 57 -35 121 -124 33 44 97 -17 44 -11 40 31 43 -18 29 5 1 
-76 241 338 -196 210 401 -98 136 336 26 -23 493 -76 -130 366 84 -445 461 -77 -390 249 -82 -496 102 -136 -202 101 -262 -489 -341 -186 -116 -84 -298 -42 -422 -195 99 -203 -220 468 -234 -220 228 3 -85 496 -41 -146 277 262 -102 408 281 -101 125 304 27 78 496 -48 -185 318 -77 -396 372 -30 -268 271 -25 -413 120 -63 -256 154 -46 -384 -136 1 
-52 157 249 -36 200 353 -35 51 310 56 -174 372 0 -214 366 101 -430 304 -55 -357 180 -88 -496 -98 -151 -206 -31 -219 -186 -348 -145 -18 -100 -228 32 -455 -230 182 -189 -295 461 -187 -179 305 157 52 496 103 -102 211 187 -24 211 365 -32 91 354 -10 -113 349 -92 -32 239 10 -323 370 -3 -390 266 -14 -407 179 -109 -287 200 -262 -496 -310 1 
-40 145 336 -67 168 393 -6 -96 390 25 -301 347 -33 -199 331 40 -496 202 -58 -370 158 -46 -484 -84 -154 -170 2 -200 -366 -336 -136 62 -166 -307 65 -366 -142 118 -87 -182 493 -160 -164 293 191 -18 496 37 -114 250 192 -8 371 319 -57 122 384 -154 1 496 -55 -243 316 36 -439 464 -57 -292 183 -97 -427 -44 -79 -212 147 -135 -424 -258 1 
-43 -11 334 -6 -241 369 -57 -149 269 -40 -445 323 -51 -364 195 -78 -473 32 -119 -227 129 -232 -441 -370 -174 -5 -143 -200 -85 -384 -153 149 -164 -142 326 -221 -206 199 -27 -84 496 -15 -112 255 250 -12 496 194 -65 169 293 2 175 386 -33 -37 302 99 -299 381 -6 -313 234 -138 -446 153 -37 -250 238 -99 -474 -189 -170 -103 -5 -103 -354 -267 1 
-87 -350 142 -123 -316 -277 -160 -152 116 -125 -312 -453 -245 18 -215 -302 -113 -496 -198 134 -30 -72 459 -270 -110 255 274 49 496 39 -84 236 207 -83 257 335 -74 102 273 -37 63 432 -68 -62 336 -35 -271 451 -37 -299 323 -24 -496 280 -125 -369 113 -148 -496 -268 -145 -149 44 -224 -283 -406 -171 87 -69 -299 -17 -446 -154 188 -65 -127 438 -84 1 
-148 -59 54 -83 -355 -351 -108 -52 -59 -106 -70 -273 -96 136 -37 -177 211 -232 -102 202 -45 -70 382 -28 -33 155 100 -29 434 87 15 240 361 -7 144 216 -3 -24 349 73 -175 387 -35 -187 198 29 -284 237 -48 -184 214 -15 -343 9 -60 -179 98 -40 -328 -131 -138 -110 -162 -159 -94 -370 -132 17 -135 -177 324 -375 -150 259 -20 -127 425 -126 1 
-20 207 325 16 169 363 8 -89 304 -84 -227 341 3 -168 281 51 -369 157 -17 -178 145 -35 -274 -48 -45 -158 133 -104 -287 -201 -119 0 -74 -215 -103 -282 -99 62 -52 -201 227 -187 -115 177 -16 -108 410 -17 -45 190 136 -55 412 137 -3 168 239 -33 168 262 -34 81 329 31 -59 378 -13 -196 367 171 -299 361 -60 -334 196 -117 -496 -27 1 
34 -107 390 81 -131 414 8 -228 310 -104 -336 77 -65 -170 146 -76 -373 -74 -90 -237 31 -101 -214 -284 -148 41 -119 -335 -41 -399 -169 221 -67 -36 397 -81 -136 166 43 41 496 91 -16 237 369 -18 303 262 -9 68 323 -67 -89 403 -27 -154 300 52 -297 304 -70 -236 252 -62 -496 105 -107 -236 59 -60 -354 -195 -123 -89 15 -46 -251 -363 1 
-36 -177 280 -38 -361 380 -31 -227 266 -159 -496 33 -93 -195 81 -21 -375 -150 -127 -122 -9 -68 -252 -278 -117 -9 -84 -226 -22 -350 -105 167 -65 -166 387 -198 -119 223 31 -64 496 24 -13 180 201 -43 364 173 -13 191 323 -65 146 263 -67 20 339 -57 -236 484 -23 -390 390 -135 -411 245 -110 -207 173 -149 -496 -225 -99 -110 11 -136 -264 -227 1 
-164 -195 50 -150 -496 -207 -123 -164 -9 -178 -182 -344 -96 64 -45 -246 -37 -371 -116 185 -56 -77 367 -151 -87 194 57 -30 496 99 -45 192 135 -33 428 211 -60 139 300 24 258 302 -26 -66 390 -30 -193 410 -8 -176 337 102 -398 248 -70 -257 162 -24 -496 -67 -128 -238 35 -161 -349 -275 -125 10 -36 -208 6 -466 -133 162 -70 -130 276 -262 1 
-71 -249 211 -202 -452 -293 -169 -13 -56 -143 -189 -339 -96 36 -31 -169 7 -260 -146 132 -85 -143 402 -198 -92 184 34 -121 474 61 -19 236 192 5 316 186 -27 151 204 -28 120 348 -33 -20 287 -68 -171 388 -38 -188 316 -98 -393 247 -84 -294 179 -80 -471 13 -123 -298 25 -179 -335 -313 -114 32 -29 -133 -100 -365 -121 81 -103 -30 209 -267 1 
-1 -49 271 -19 -36 312 -58 -50 229 -128 -223 213 -46 -103 390 -8 -496 238 -197 -386 -64 -28 -417 -162 -131 -92 -24 -148 -68 -429 -112 49 -69 -134 -33 -338 -97 184 -10 -62 269 -172 -83 226 28 -76 402 136 0 131 129 42 350 197 -4 135 308 -24 37 219 -37 -11 315 -18 -296 341 -23 -316 273 64 -359 291 -44 -306 244 -120 -438 -226 1 
31 11 390 23 -189 343 -62 -122 250 -36 -353 174 -47 -202 240 142 -372 129 -115 -237 40 -119 -397 -202 -114 3 -93 -176 -27 -380 -102 83 -44 -71 256 -267 -86 179 -6 -51 415 15 -72 184 41 -75 496 105 -78 267 339 -38 194 315 -66 31 315 -85 -205 496 -44 -267 242 67 -321 291 -57 -251 260 -36 -380 -107 -169 -254 26 -112 -406 -304 1 
-117 -164 197 -122 -496 -205 -175 -117 -117 -189 -145 -324 -131 8 -95 -322 85 -354 -131 239 -146 -156 480 -65 -100 181 110 33 496 64 -26 276 390 -3 280 259 -8 36 310 -61 -119 412 -48 -80 199 4 -211 280 -45 -139 299 155 -321 226 -66 -389 172 -124 -436 -111 -209 -77 21 -293 -313 -443 -159 119 -78 -252 -8 -348 -88 209 -25 -48 444 -100 1 
-24 -212 191 -47 -281 320 -53 -148 198 -64 -425 47 -67 -102 225 93 -387 16 -139 -319 -3 -71 -380 -241 -113 -37 3 -202 3 -441 -93 176 -104 -146 228 -250 -76 180 -50 -138 439 -103 -66 291 97 -44 423 125 -28 206 242 37 215 342 4 -2 295 -154 -207 373 0 -202 297 11 -387 248 -33 -390 194 -49 -373 -78 -140 -200 112 0 -303 -353 1 
-58 112 266 5 95 346 -9 -68 320 -122 -176 278 -43 -116 291 57 -369 192 -40 -309 178 24 -445 -15 -141 -194 -48 -110 -268 -324 -112 29 -76 -232 0 -373 -95 149 -81 -162 333 -204 -120 183 24 -41 489 2 -81 187 248 -49 403 168 -33 141 277 -61 44 326 -17 -16 335 -26 -236 350 -31 -197 262 84 -447 267 -48 -283 144 -77 -427 -132 1 
-16 -210 260 -15 -279 496 -62 -252 221 -114 -420 -46 -79 -165 147 0 -324 -136 -129 -95 -106 -103 -121 -333 -125 86 -89 -194 174 -233 -50 147 -19 -18 399 -43 -71 194 59 -111 323 57 -49 250 279 3 134 287 -8 -50 257 -3 -150 429 16 -213 259 -123 -192 40 -53 -164 248 -28 -322 -72 -110 -230 0 -12 -246 -282 -92 30 -50 -149 -51 -346 1 
-49 -97 300 -34 -378 433 -92 -245 185 -112 -496 173 -67 -279 141 -36 -428 -134 -127 -136 -82 -196 -285 -321 -119 56 -154 -231 94 -277 -79 157 13 -36 392 -110 -46 190 52 -19 420 79 -24 203 186 -58 352 151 -5 140 386 -4 83 346 -10 -322 316 3 -171 377 -22 -264 281 -32 -391 -114 -99 -156 108 -21 -350 -248 -142 -8 -147 -190 -137 -293 1 
-40 -316 91 -82 -214 -60 -54 -189 82 -109 -193 -236 -103 -62 -57 -173 -45 -352 -118 149 -19 -162 262 -287 -85 272 0 -10 351 -4 -54 236 139 112 382 154 3 167 316 9 43 297 -9 -35 301 -24 -278 411 1 -378 257 4 -322 132 -58 -244 196 -144 -388 -210 -158 -1 -172 -236 -144 -260 -124 54 -80 -113 279 -197 -118 147 -43 -135 443 -36 1 
12 82 313 9 -58 334 4 -122 269 50 -250 246 -26 -227 256 17 -470 88 -127 -287 -29 -3 -295 -267 -98 -11 -70 -154 -2 -374 -128 110 -108 -108 312 -217 -114 175 48 -24 487 -3 -49 224 221 123 386 90 4 134 375 -35 -25 297 -42 -51 293 85 -351 305 -63 -309 189 19 -433 178 -47 -206 117 -71 -315 -182 -92 -102 -66 -146 -188 -285 1 
-35 63 356 -11 -71 448 -17 -218 298 11 -361 280 -93 -227 141 -77 -362 -6 -81 -212 86 -40 -310 -207 -111 -80 -62 -114 -112 -329 -124 134 -147 -155 239 -299 -77 192 -30 -86 394 -30 -64 194 42 5 413 119 -41 223 300 -84 153 256 -61 43 292 -91 -179 439 15 -390 390 -53 -260 340 -99 -300 216 -89 -471 -208 -183 -145 -113 -112 -251 -295 1 
-31 -27 327 -50 -253 388 -54 -202 315 -40 -496 168 -107 -220 67 -3 -430 -55 -88 -191 -18 -119 -261 -263 -132 35 -85 -158 35 -390 -121 129 -39 -98 336 -183 -67 123 33 -58 457 -11 -40 198 110 -56 428 39 -60 246 260 -115 170 235 -49 50 202 -129 -32 425 -28 -131 254 11 -142 308 -57 -147 331 24 -365 158 -106 -255 169 -8 -481 -135 1 
-119 -203 120 4 -479 -168 -117 -87 -85 -47 -198 -259 -82 19 -20 -92 -29 -274 -119 121 -137 -223 290 -127 -102 155 -27 -93 496 24 -30 212 222 -107 349 138 -27 151 267 -54 126 286 -43 51 291 -83 -118 387 8 -303 381 -29 -367 190 -152 -165 113 -58 -456 -141 -82 -110 84 79 -231 -174 -107 -127 -5 -25 -169 -365 -130 151 -192 -216 143 -301 1 
-41 60 277 -43 -36 454 19 -204 268 45 -174 235 -23 -153 309 -13 -431 47 -118 -234 36 -6 -415 -153 -113 -56 -99 -187 -71 -301 -147 137 -93 -92 285 -226 -111 135 -30 -86 487 17 -67 225 186 -27 410 85 -30 225 301 -98 58 306 -38 -14 214 -50 -261 398 -46 -287 281 -16 -453 184 -73 -265 192 -18 -417 -146 -133 -153 -19 -111 -289 -288 1 
-30 -264 222 -31 -310 -95 -83 -278 13 133 -205 -279 -137 0 -142 -140 106 -407 -119 216 -66 -88 327 -112 -35 220 97 -28 391 19 -32 294 297 -96 210 158 -19 110 360 -48 -127 438 -30 -295 285 126 -377 338 -50 -237 232 20 -409 -113 -136 -193 -64 48 -300 -225 -102 -12 -138 -169 69 -320 -104 159 -21 -217 290 -173 -98 221 10 -132 460 69 1 
32 -390 239 -131 -377 74 -35 -276 226 -134 -490 -281 -112 -166 -49 -112 -150 -288 -116 0 -59 -168 111 -346 -143 192 -94 -101 372 -97 -105 241 64 -56 491 216 -46 217 344 135 373 327 -6 62 389 27 -165 415 -1 -282 322 76 -496 163 -25 -343 176 -69 -476 -186 -82 -202 4 -92 -205 -275 -82 21 -10 -242 -30 -351 -186 136 -142 -195 307 -128 1 
-2 100 314 150 -102 393 64 -223 382 83 -413 220 -14 -376 223 -51 -496 -156 -108 -190 -65 -141 -229 -251 -98 -95 -26 -171 102 -326 -112 173 -54 -6 429 -250 -134 303 11 -159 496 6 -59 252 292 -5 437 259 -71 165 247 14 79 385 -23 -78 360 -4 -329 387 -17 -300 247 15 -496 72 -68 -292 34 -130 -308 -239 -63 -154 46 -177 -123 -329 1 
-86 -297 43 -84 -496 -178 -90 -150 46 -70 -208 -310 -120 14 -79 -158 -98 -317 -136 149 -26 -43 485 -202 -74 246 14 -142 420 44 -56 212 86 -68 468 167 -5 129 278 -122 73 294 -5 -53 254 -67 -176 325 0 -299 290 58 -408 147 -64 -333 167 -151 -490 -223 -79 -104 -22 -90 -157 -239 -60 -101 2 -71 -27 -312 -194 202 -171 -112 278 -165 1 
-109 -362 147 -48 -496 -353 -179 -105 -51 -130 -252 -387 -108 98 -86 -164 99 -321 -137 184 -59 -163 469 -80 -81 246 195 -49 496 117 -38 203 296 11 266 288 -33 80 334 -66 -131 335 -5 -150 314 2 -458 313 -47 -366 151 -40 -412 7 -60 -276 116 -59 -342 -260 -108 -146 -44 -78 -124 -369 -126 50 -88 -225 112 -351 -140 205 26 -36 426 -65 1 
-95 -226 31 -100 -346 -246 -79 -94 -18 -84 -35 -279 -84 82 -75 -157 75 -289 -155 167 -89 -35 491 -99 -72 215 136 -62 496 163 -15 121 299 -46 165 291 -22 64 299 -77 -230 193 -28 -61 259 41 -397 246 10 -358 183 15 -400 2 -48 -203 73 -167 -257 -283 -77 -53 -16 -92 -131 -319 -158 127 -201 -147 158 -150 -144 254 12 -92 468 40 1 
-79 -224 133 52 -236 -374 -123 19 -81 -52 -132 -386 -163 165 -141 -85 117 -216 -77 258 42 -88 336 84 -34 250 160 -3 318 236 -16 105 260 17 35 347 26 -276 254 -122 -282 261 2 -311 235 18 -276 -121 -56 -217 68 83 -208 -219 -69 -3 -106 -89 -93 -339 -137 145 -67 -96 307 -166 -112 200 30 -133 483 98 -36 147 150 -46 336 192 1 
-51 -370 213 -6 -445 -200 -118 -172 32 -44 -259 -296 -101 45 -129 -200 -46 -281 -114 98 -61 -175 407 -148 -70 236 73 -78 496 68 -59 245 230 76 371 248 -5 72 304 -41 -13 356 0 -189 334 -78 -382 184 -23 -211 277 48 -496 -42 -71 -237 35 12 -361 -223 -91 -53 -43 -214 -128 -285 -160 52 -160 -188 186 -183 -123 146 -17 -153 496 61 1 
-43 64 292 0 -108 438 -38 -212 296 -47 -372 304 -50 -345 194 33 -342 -49 -87 -219 158 -7 -347 -278 -162 -147 -96 -71 -120 -414 -145 145 -175 -277 144 -302 -115 260 16 -170 460 4 -54 228 114 -83 383 166 -59 204 300 -40 154 339 -25 -21 338 -58 -196 391 -8 -276 327 -71 -462 136 -87 -195 169 10 -476 -97 -72 -204 87 15 -363 -98 1 
-54 -294 309 1 -464 -86 -138 -190 129 -41 -496 -258 -120 -73 -22 -79 -274 -329 -130 60 -157 -241 13 -316 -112 153 14 -146 417 -135 -73 171 43 -147 456 74 -31 210 281 -2 365 236 -44 111 212 -40 89 375 -36 -40 327 -8 -221 376 -38 -258 346 34 -467 156 -75 -265 193 -43 -494 -81 -109 -154 44 -57 -347 -215 -94 -126 29 -94 -269 -373 1 
-99 -294 87 -90 -496 -126 -96 -138 -21 -43 -192 -302 -100 7 -35 -39 -88 -397 -148 109 -140 -138 230 -314 -115 174 30 -151 485 -71 -126 231 106 -102 496 107 -38 186 250 -89 268 250 -35 71 287 -145 -77 293 -64 -20 195 -34 -246 297 -25 -205 298 -1 -407 237 -72 -328 142 -23 -460 -68 -109 -199 69 -94 -343 -306 -165 -67 -92 -189 -76 -438 1 
-19 12 314 -70 -167 366 -26 -287 263 -118 -295 191 -68 -267 182 -49 -313 -143 -138 -127 -119 -57 -137 -277 -68 46 -141 -228 81 -285 -86 217 -69 -122 366 -47 -64 221 207 37 465 178 0 238 356 49 48 317 -45 -15 309 11 -345 389 -43 -390 169 42 -412 41 -92 -226 85 -67 -216 -256 -99 -52 -87 -168 -54 -305 -96 167 -12 -166 275 -208 1 
-68 -227 211 43 -363 -188 -93 -128 -24 -34 -300 -254 -126 -4 -67 -140 -71 -335 -133 220 -106 -80 238 -140 -67 209 10 -61 389 113 20 208 272 -6 255 217 9 102 303 28 -50 350 -15 -224 314 51 -303 335 -52 -317 193 3 -417 -5 -99 -181 2 -142 -279 -249 -89 -42 -38 -195 -16 -295 -116 162 -83 -120 281 -209 -59 203 -7 -88 407 20 1 
-131 -197 31 -12 -338 -214 -75 -71 -96 -161 -158 -284 -105 44 -81 -189 106 -279 -64 204 59 -142 370 -50 -57 198 58 -16 422 158 11 205 291 125 319 203 -3 72 325 103 -17 353 -4 -157 252 -42 -274 295 -15 -294 229 -2 -320 -9 -103 -191 120 15 -304 -260 -118 -3 13 -128 -110 -310 -101 70 -49 -187 61 -247 -66 176 -67 -208 279 -87 1 
-146 -238 11 44 -279 -278 -132 -15 42 -156 -46 -407 -193 153 -190 -167 101 -211 -72 178 -30 -166 368 27 -23 214 153 -46 388 172 15 200 351 -51 58 326 -31 -47 288 66 -244 405 -29 -324 242 61 -338 179 -80 -325 203 -32 -414 -253 -172 -124 -41 -167 -247 -388 -131 129 -82 -316 45 -307 -84 207 28 -110 396 -60 -19 203 101 35 409 169 1 
-144 -146 12 -70 -283 -207 -103 -20 20 -86 -148 -269 -108 40 -73 -153 -5 -267 -59 214 -46 -142 300 -54 -32 195 34 0 387 153 9 200 245 162 358 252 9 58 340 43 39 343 20 -230 341 -61 -265 164 -80 -187 198 16 -352 -114 -98 -164 101 4 -342 -204 -127 -3 -77 -186 -161 -314 -112 88 -90 -165 160 -210 -42 194 -30 24 373 -26 1 
-136 -140 156 -121 -358 -289 -94 -21 -127 -78 -120 -246 -105 -78 -157 -179 241 -241 -82 249 -31 -29 496 -82 -62 286 154 112 471 125 -31 264 370 139 158 374 -30 -32 375 58 -199 425 -63 -254 321 -153 -496 100 -103 -281 81 -54 -325 -162 -120 -65 -70 -75 -126 -333 -123 19 -70 -188 154 -241 -52 187 -33 -92 331 -119 -29 316 72 -24 347 103 1 
-152 -177 -43 47 -286 -167 -87 -47 -85 -90 -62 -255 -118 113 -132 -60 207 -222 -57 176 0 -107 369 -44 -15 260 181 -4 344 134 36 76 344 -68 69 263 -11 32 271 -54 -231 250 -54 -121 237 119 -302 263 -66 -360 172 -17 -352 -44 -137 -169 3 -69 -287 -268 -104 38 -111 -190 -39 -299 -38 106 31 -119 217 -221 -49 248 20 -53 279 -1 1 
62 22 287 28 -103 255 -6 -125 209 -12 -217 199 -13 -269 210 -1 -224 20 -67 -150 85 -11 -258 -191 -90 -15 -48 -67 -66 -228 -87 74 -98 -90 207 -184 -55 160 -36 -117 302 -43 -39 223 122 -49 346 93 46 141 277 19 102 239 18 16 235 37 -79 233 19 -141 261 11 -201 191 -38 -240 217 -81 -297 -51 -101 -106 100 22 -299 -192 1 
9 -18 282 43 -142 282 -8 -111 322 26 -299 122 -63 -188 205 92 -356 10 -103 -169 -10 2 -270 -208 -89 -8 -84 -193 -24 -240 -67 114 -54 -180 226 -189 -47 191 -47 -104 406 -2 -32 242 197 -55 401 111 -11 171 302 -9 62 337 -39 -91 248 25 -232 359 -8 -305 259 18 -319 24 -92 -194 100 -19 -340 -194 -113 -75 -78 -78 -117 -335 1 
-4 18 341 65 -175 427 0 -184 296 53 -302 225 -80 -302 149 -83 -369 -149 -132 -54 -59 -135 -207 -367 -86 46 -31 -161 46 -355 -65 135 -53 -160 304 -168 -77 196 78 -77 397 -1 -21 249 253 19 268 232 -23 65 246 -85 21 465 2 -162 293 32 -215 324 -21 -235 267 99 -386 47 -93 -205 62 -25 -329 -200 -114 4 -26 -173 -162 -349 1 
