-206 57 100 124 26 -496 -99 -84 -4 132 -104 -473 -68 260 -50 -266 72 -431 -102 157 169 11 180 -104 -95 0 185 -56 83 -143 -90 142 188 -97 -12 -116 -42 101 141 73 -98 28 2 7 101 109 -71 57 5 33 91 -46 -42 -6 10 60 86 -6 -50 18 7 47 63 36 17 84 10 -8 94 18 18 62 11 25 93 -34 7 16 4 
-250 -289 -7 -257 -87 -496 -206 198 120 6 221 -496 -122 254 92 252 193 -252 -90 118 118 148 12 -147 -57 207 113 73 -47 -30 -11 106 81 112 14 58 11 9 118 -4 27 23 13 47 92 -45 -15 41 8 30 91 -17 -3 76 12 26 100 45 29 77 13 16 114 -6 -10 86 16 37 88 -11 -26 86 22 7 85 22 -13 85 4 
-173 110 105 212 -28 -496 -83 132 -94 139 22 -437 -83 229 171 122 147 -145 -24 145 58 205 -21 -57 -32 140 48 256 -122 -56 -1 122 149 127 55 -8 -7 68 72 16 40 43 0 54 87 0 66 56 15 72 92 19 69 30 5 50 80 13 74 84 0 33 108 -9 52 79 9 48 113 -65 40 58 11 44 91 -19 19 77 4 
-295 56 65 29 26 -496 -176 128 1 107 -78 -496 -139 249 177 227 112 -283 -67 233 98 206 -118 -131 2 71 32 231 -30 -49 16 89 76 128 -42 -92 8 63 47 55 11 -13 23 51 110 -55 -2 -26 26 69 99 -67 7 -29 27 69 85 -32 -18 20 31 62 81 63 7 29 35 69 88 32 21 35 30 76 77 13 -16 96 4 
-260 -307 104 59 82 -496 -302 80 -86 -434 241 -496 -231 220 390 234 317 -191 -144 -89 78 164 -90 -362 -96 212 65 125 -55 -355 -35 148 109 217 62 9 -13 40 114 126 5 -18 -1 70 103 61 -4 16 11 17 55 0 -32 -4 28 47 87 90 -44 48 25 16 107 99 -85 121 29 52 80 -47 -94 13 36 77 73 -17 -20 45 4 
-189 -84 35 264 -86 -496 -193 130 -21 -208 207 -496 -158 239 199 125 276 -197 -72 88 163 483 -6 -63 -36 166 124 238 -98 -91 3 115 44 109 -34 33 27 29 108 38 55 37 16 79 108 -49 -11 44 19 38 76 27 40 29 25 10 72 15 26 41 21 14 73 9 16 31 18 33 87 9 -6 50 20 56 83 25 17 32 4 
-355 -12 169 -86 104 -496 -193 290 -76 109 28 -496 -114 372 219 423 323 -139 -23 64 51 425 -238 61 24 129 57 90 -82 -66 15 46 25 90 5 15 14 18 96 9 98 33 16 20 133 -17 42 -3 10 52 103 22 -7 0 11 31 75 22 8 7 20 51 95 3 19 26 20 56 98 1 16 42 15 35 87 -8 -2 68 4 
-324 -390 98 -117 -19 -496 -281 317 195 -152 -38 -496 -91 354 158 186 -170 -438 -14 324 194 494 41 -114 1 72 96 53 -73 32 31 59 38 21 -14 20 20 22 56 92 63 77 11 34 106 136 61 37 15 42 94 19 62 47 18 32 95 23 69 120 15 25 119 45 58 110 14 11 89 24 39 109 17 22 78 -50 37 69 4 
-345 -214 127 -224 138 -496 -217 319 137 -27 -56 -496 -32 339 67 283 31 -164 -18 69 127 203 39 23 -4 62 153 -54 -32 31 0 15 113 37 -12 16 -3 24 103 96 -13 52 -3 18 119 108 -17 83 -4 -14 89 51 -15 59 5 9 101 -7 2 7 10 40 99 -16 4 29 6 18 98 -2 0 71 7 -4 94 -29 5 54 4 
-282 -390 5 -223 -37 -496 -241 242 157 9 294 -496 -71 243 118 329 -36 -300 -82 235 115 197 15 -94 -45 76 155 210 -113 97 2 30 98 67 -63 -35 13 54 76 73 -65 36 4 -7 66 123 1 66 9 10 106 149 14 62 11 47 102 3 -11 34 9 32 85 57 1 79 8 15 100 156 44 107 11 27 106 62 9 71 4 
-390 144 344 -153 263 -496 -136 384 169 275 -22 -496 -47 198 169 195 39 -102 10 64 88 110 -30 -15 25 26 90 97 -28 -3 23 28 75 51 -53 45 23 0 87 17 12 52 16 -19 102 35 14 43 16 -10 112 34 -10 19 15 17 98 23 1 10 17 15 86 14 9 19 21 16 111 10 -3 43 18 7 85 14 -5 47 4 
-390 277 264 108 94 -496 -103 390 81 313 -89 -361 -24 125 141 382 3 27 19 102 136 -89 -85 -104 34 72 45 7 -59 30 27 -4 94 54 0 43 22 -11 114 42 -17 45 22 -6 102 6 -30 21 24 18 101 12 -14 9 22 11 94 30 -6 16 25 13 93 24 -17 35 21 0 81 26 -1 17 25 21 104 -2 17 2 4 
-390 -204 157 -419 429 -496 -286 390 148 -9 144 -496 -69 390 339 344 114 -76 -14 11 177 322 -98 104 16 -22 104 -46 -143 -76 37 51 51 -7 -95 -16 20 -2 33 56 -22 39 27 -33 91 93 4 65 32 -43 111 33 -18 -6 24 6 87 1 -19 -23 13 2 60 40 -23 4 27 29 97 37 3 14 27 18 98 21 0 22 4 
-324 -270 81 -232 259 -496 -300 236 83 2 127 -496 -113 390 300 149 339 -447 -57 94 124 444 -250 90 15 43 152 -20 -104 -59 17 40 23 -44 -75 -39 23 15 77 19 -31 43 22 -20 94 43 0 18 25 0 109 -7 -29 8 20 -4 68 3 -30 -5 22 4 72 11 -2 10 22 -2 92 26 0 11 27 10 92 17 -13 8 4 
-390 -106 270 -232 294 -496 -211 205 -20 191 -187 -496 -123 353 11 37 143 -357 3 240 298 134 -16 -43 17 13 93 70 -1 0 16 20 100 -6 -41 10 11 -1 89 43 -13 30 12 -6 113 88 0 10 12 -25 101 71 -18 18 18 -1 104 40 -19 2 15 16 78 34 -27 4 16 19 87 14 -1 -14 12 19 97 23 0 -9 4 
-390 -170 119 -374 237 -496 -279 367 178 49 167 -496 -33 390 335 249 -9 -223 -13 50 89 321 -169 -7 27 34 72 -13 -72 -73 35 49 71 28 -57 -1 28 -3 67 44 1 23 24 -5 113 15 17 0 28 4 112 -13 -26 -14 31 21 87 7 -20 -11 24 3 77 30 -6 -11 27 16 86 14 2 -25 26 24 83 12 0 7 4 
-261 254 100 -125 65 -496 -87 381 125 66 183 -297 4 188 313 247 -49 25 6 13 137 9 23 -38 17 44 97 2 -48 13 13 -11 99 60 16 46 10 -54 121 55 2 21 11 -18 100 21 -44 -2 13 -4 77 34 -19 -1 11 -7 85 51 6 13 11 -14 112 18 8 1 8 8 107 -11 -12 -5 1 -7 88 35 -28 24 4 
-390 -161 91 -371 294 -496 -238 365 256 114 196 -496 -87 367 34 128 0 -214 4 193 248 139 7 -3 13 7 94 51 -62 57 18 -32 91 -3 -38 20 11 -16 72 19 -30 26 17 -8 100 46 2 20 15 -27 108 29 -8 -12 11 0 91 7 -16 -24 12 23 93 13 -25 5 12 10 92 40 0 2 13 9 105 9 -10 3 4 
-305 -62 192 -73 -44 -496 -212 219 -87 -90 46 -496 -103 390 350 194 237 -199 -30 63 40 169 -71 17 31 87 78 -66 -123 -41 27 36 39 33 -12 51 18 -10 87 54 48 42 20 -21 116 27 12 30 20 -13 92 23 -31 22 24 13 92 27 -16 2 20 30 90 24 0 0 12 5 85 22 -3 0 18 29 97 0 -2 4 4 
-390 -125 167 -121 100 -496 -226 288 -120 27 20 -496 -82 390 238 159 243 -250 -39 80 46 347 -51 35 17 73 75 -56 -91 -44 33 71 72 12 -1 32 16 -7 89 87 31 49 19 -15 130 -15 -30 0 18 13 86 2 -40 -5 27 30 86 13 -15 11 25 8 97 2 -1 -10 22 24 86 3 -10 -16 17 12 80 28 -15 11 4 
-259 206 112 168 32 -496 -141 311 -43 147 38 -392 -65 247 284 178 -226 -81 11 153 100 155 -89 8 26 -6 78 76 -22 1 22 38 87 11 -50 39 18 22 76 33 5 41 18 4 105 43 7 46 23 2 109 23 -10 38 24 1 101 5 -8 -7 20 19 85 9 -24 -6 16 29 75 10 -18 9 17 38 77 -6 16 -5 4 
-348 -142 100 -208 318 -496 -237 230 74 111 96 -496 -91 328 265 127 228 -252 -15 170 177 238 -265 -26 14 -1 104 55 -69 -27 21 38 66 26 -67 -24 16 26 91 119 -50 23 16 -22 107 110 -11 -3 22 9 110 24 -55 -7 24 39 80 25 -58 20 27 22 73 32 -15 -3 25 14 91 44 -17 4 27 28 91 16 -18 -2 4 
-259 166 280 2 185 -496 -120 346 111 -61 121 -496 -31 234 360 90 204 -108 -11 62 132 -11 -34 -113 39 77 113 120 -69 -17 31 -12 62 218 -4 26 24 -35 115 96 -18 5 17 -12 81 56 -46 -3 22 1 93 12 -37 9 25 6 87 7 -26 -6 24 6 75 24 -22 -13 26 18 85 8 -19 13 28 11 90 15 2 0 4 
-390 -178 198 -316 341 -496 -287 93 3 37 58 -496 -183 389 172 19 448 -445 -28 279 390 222 -126 -43 13 11 113 227 -34 26 24 -25 98 9 -54 -34 22 16 76 43 -35 -9 19 -7 105 109 -2 16 25 -3 116 3 -38 -8 29 18 84 13 -29 -13 18 -3 71 48 -12 8 23 17 101 42 -22 13 27 32 97 -2 -15 -7 4 
-270 96 -79 -224 366 -496 -155 329 325 111 496 -479 -126 234 267 308 110 -121 -53 98 231 249 -64 -117 13 88 91 120 -122 -31 16 4 49 98 -82 57 17 -24 93 75 -10 -1 15 19 97 50 -30 -30 17 24 103 35 -35 8 23 26 96 7 -38 11 21 30 77 -4 -13 -8 21 25 85 4 -2 11 13 3 79 12 -8 21 4 
-389 11 115 -229 58 -496 -244 390 79 34 237 -496 0 390 339 417 -135 -53 6 -17 175 22 -26 -193 49 128 15 -14 -104 -64 36 39 39 47 28 1 29 -21 100 66 55 41 25 7 122 -2 -7 -8 27 32 113 28 -10 -9 21 4 79 28 -12 -10 32 43 100 13 -37 -1 30 39 84 -3 -5 -11 27 22 81 8 -10 6 4 
-390 -164 150 -245 120 -496 -294 233 -45 -231 -194 -496 -91 390 390 120 467 -214 -44 171 34 361 -78 92 17 -37 110 -38 -68 -58 26 43 56 17 -35 28 14 9 93 72 57 30 15 -27 148 15 0 3 25 20 112 -5 -47 -25 21 13 82 26 -25 -10 22 5 99 -5 -19 -14 24 33 87 -16 -28 -17 25 35 80 5 -16 17 4 
-388 -150 119 -393 345 -496 -316 262 77 26 399 -496 -74 390 337 460 63 -335 -29 114 146 284 -29 -145 -10 86 106 120 -61 -125 16 132 77 102 -42 -10 8 14 108 107 -3 -8 19 33 117 0 -52 -50 24 48 81 -13 -47 19 19 3 75 14 -29 13 27 18 94 -3 -26 -6 30 45 83 -25 -37 10 19 2 54 12 -19 0 4 
-390 -190 123 -332 104 -496 -288 180 -35 52 213 -496 -146 348 299 224 330 -496 -71 156 134 238 -175 -218 -4 116 156 97 -46 -140 24 101 100 20 -111 -40 20 30 62 70 -38 -27 37 13 113 34 -4 -45 36 37 92 -6 -35 -8 34 33 79 10 -13 -11 31 13 89 41 -8 -6 37 29 108 7 -35 -10 30 31 74 0 -54 25 4 
-390 -244 0 -228 168 -496 -380 186 61 -40 419 -496 -143 390 241 229 204 -496 -81 260 211 330 64 -229 -24 167 179 166 -33 -161 5 43 94 113 -89 -29 20 21 93 7 -58 -53 19 46 83 12 -37 -50 18 12 89 22 -31 -22 28 26 106 -2 -50 -39 19 7 75 21 -44 -34 23 37 92 34 -48 -25 26 62 82 7 -45 8 4 
