-294 151 390 -173 -496 479 -156 169 -309 -434 -425 226 -147 -223 -287 12 -250 357 3 -79 175 -6 0 -190 26 -26 -14 -4 55 -105 31 -45 27 -6 37 -96 26 18 48 -255 10 -183 28 382 -98 254 431 134 -253 229 220 496 496 496 -124 -188 390 375 267 469 -125 -254 -37 149 -28 -74 -124 -165 175 76 62 -350 -164 -46 169 238 -57 -496 2 
-390 -10 -248 -496 -496 288 0 -15 36 40 67 -17 -9 -147 54 -13 -186 -30 56 27 28 -159 -128 4 51 -17 0 -39 48 55 42 -17 112 54 -34 67 3 161 -91 -185 15 185 -180 305 27 496 496 496 -154 -76 386 496 496 465 -80 -239 142 80 -55 34 -45 -37 159 -2 138 -57 -62 -7 255 17 -105 17 -168 -294 -91 380 -82 -473 2 
-121 139 390 -96 -414 496 -326 225 25 -496 -496 253 -131 -88 -296 40 -340 128 2 -83 141 110 212 -125 12 -24 0 -101 5 -88 33 -18 52 -35 25 -58 28 -62 79 82 22 -29 31 -21 110 -41 4 -114 12 236 -77 -323 157 45 -112 259 93 430 410 496 -179 19 183 496 496 496 -160 -186 390 281 258 424 -146 -231 165 -220 -177 -96 2 
-195 119 390 -123 -364 496 -294 109 -83 -496 -496 211 -82 -60 -92 -17 -460 349 2 -63 83 -19 38 -78 24 -6 34 -58 -53 -48 33 -39 9 -11 -18 -9 17 -101 92 -55 101 -84 37 -1 44 -66 -37 -89 22 120 -62 -220 132 29 -65 348 5 384 411 306 -167 44 147 496 483 496 -110 -290 364 144 127 148 -107 -82 196 -62 78 -40 2 
-293 30 -29 -496 -496 420 -67 -97 -224 -121 -337 112 -1 -104 48 3 0 -2 23 -6 4 -78 18 -43 4 -93 51 45 106 -16 36 -11 126 -58 43 -69 52 141 -13 -325 76 -27 -47 309 -51 310 395 330 -142 143 221 329 458 496 -188 -390 390 -15 107 428 -137 -139 -45 -435 -113 -182 -88 -147 125 -37 -70 -124 -179 -226 -113 148 119 -430 2 
-148 26 41 -245 -496 353 -44 -70 -141 -184 -340 102 24 -54 -62 -11 4 -1 25 -9 51 16 114 15 16 -18 56 -18 82 -80 28 86 43 76 157 -62 21 175 -47 -9 155 135 -71 63 -6 188 403 345 -108 -167 329 123 496 139 -90 -72 157 -181 -22 57 -139 -240 194 44 -205 -189 -82 -47 -12 39 68 -309 -72 -127 -55 100 103 -326 2 
-160 1 14 -344 -496 117 -131 62 290 64 -496 367 -130 -79 -92 -412 -496 -44 -8 -17 -204 -46 92 55 17 -93 43 -25 115 -20 32 -5 100 21 -17 11 35 27 56 17 75 -31 39 53 79 12 54 77 -1 73 -15 -15 77 122 -51 232 -46 161 368 265 -74 -14 211 344 377 327 -79 -175 204 8 163 212 -67 -78 242 16 -1 60 2 
-98 -78 209 -333 -279 104 -65 -79 135 102 75 -38 -97 -148 97 72 -30 -144 -61 -65 -30 77 83 -362 -63 -38 106 276 247 -332 -51 17 152 117 24 -393 -70 164 -53 -37 7 -242 -86 156 138 139 282 -74 -108 210 248 -93 -159 51 -106 185 272 -71 -402 365 -134 194 311 -283 -496 318 -197 -210 -174 -294 -496 364 11 33 -22 18 5 52 2 
-103 -65 202 -8 94 -34 -132 -185 138 51 -199 -126 -104 -152 52 199 -65 -415 -72 -44 -84 58 78 -464 -52 0 117 158 189 -373 -88 176 38 40 147 -358 -97 199 153 89 197 -20 -119 229 260 -64 -42 72 -140 147 264 -136 -323 229 -164 17 239 -130 -496 293 -191 -44 -1 -325 -496 326 -14 -23 -170 -70 -273 6 20 -43 103 148 -49 102 2 
-88 -68 98 -111 -102 80 -113 -146 136 63 0 -120 -102 -107 85 114 -12 -340 -96 -87 13 112 62 -460 -68 50 38 222 246 -391 -66 106 102 133 135 -312 -95 198 78 153 85 -196 -77 143 149 148 145 3 -90 108 211 -124 -97 78 -119 170 182 -213 -292 248 -138 22 247 -187 -496 357 -146 104 89 -233 -496 231 -133 -137 -202 -337 -496 195 2 
-99 -159 45 -224 -312 62 -57 -83 194 181 202 -32 -81 -130 91 102 -180 -42 -129 -148 -54 25 129 -496 -74 87 -17 256 238 -465 -53 140 130 346 408 -374 -51 190 197 -45 -27 -235 -78 208 241 -144 84 -28 -109 146 293 -176 -393 232 -152 21 216 -254 -496 199 -119 9 -119 -345 -496 153 -9 5 112 190 -101 48 -28 -101 -153 -164 -190 17 2 
-189 64 347 -124 -496 309 -181 24 -164 -481 -496 62 -75 -119 59 80 -355 139 -8 -13 -43 -100 -158 -43 0 -22 -65 -65 52 -57 1 119 2 8 275 74 -63 205 -15 278 333 290 -123 65 101 378 496 372 -126 -95 390 154 266 368 -166 -219 62 -182 -331 128 -136 -196 122 275 167 -294 -146 -120 28 70 -182 -426 -86 74 -64 199 294 -496 2 
-242 -44 284 -366 -496 316 -93 42 -147 -305 -420 67 -34 -71 5 33 -263 121 -14 -54 27 -106 -131 -7 3 -13 -24 -8 -12 -16 6 60 40 8 165 42 -21 123 21 13 205 117 -43 149 30 202 300 260 -77 -4 308 400 313 460 -92 -263 189 -47 -64 86 -79 -98 138 24 55 -48 -119 -221 110 192 -67 -238 -130 -77 -79 1 149 -496 2 
-240 -56 52 -496 -496 195 -50 43 14 -43 -243 89 -43 -75 -40 -39 -333 62 -12 -27 -26 -102 -108 21 1 96 -41 -128 76 65 -26 116 27 89 206 263 -77 85 61 423 424 343 -95 -90 237 245 395 290 -85 -142 243 -3 -20 121 -124 -180 100 40 2 -7 -133 -127 121 109 -4 -292 -90 -79 -22 255 16 -326 -110 -13 -2 251 297 -461 2 
-128 -88 170 -215 -123 -69 -92 -80 92 130 -106 -114 -153 -168 -68 -38 -124 -410 -94 134 -43 223 478 -388 -30 132 304 335 267 -281 -34 113 109 -56 -43 -228 -48 252 257 -110 83 49 -133 66 373 -174 -496 408 -165 -17 -35 -429 -496 -29 -113 -35 94 -13 -496 86 -53 -28 -90 -152 -496 7 0 -3 29 -109 62 14 -2 0 22 39 99 -5 2 
-179 -22 251 -137 -496 313 -106 103 -77 -242 -496 -20 -71 -128 -33 30 -379 169 -3 -7 17 -86 -68 -50 -2 60 53 56 -6 58 -13 40 -1 -77 62 103 -25 145 9 19 241 224 -52 77 105 166 282 384 -98 -278 214 135 265 237 -53 -16 163 -169 -14 91 -103 -165 122 75 -53 76 -99 -126 35 -60 5 -254 -79 -31 35 176 166 -306 2 
-146 12 -52 -310 -496 208 -35 7 -4 -29 -283 169 -26 -100 73 -13 -285 78 -13 14 -50 -62 -117 35 -7 -24 33 -7 58 34 -14 61 -4 -155 133 29 12 136 -13 54 249 107 -58 76 60 141 414 359 -132 -209 273 99 222 341 -101 -138 136 -217 1 -24 -75 -49 264 55 47 -64 -117 -185 -15 -62 -145 -219 -83 -46 17 139 185 -335 2 
-154 -8 25 -274 -496 131 -101 78 185 -191 -496 204 -126 -125 -152 -86 -496 188 -19 -62 -91 33 82 -3 19 -2 101 112 45 20 -5 -7 29 -30 124 -14 -12 65 -7 -22 189 -7 -36 146 -25 201 496 84 -75 8 197 301 434 355 -114 -181 181 27 296 74 -56 82 343 -30 51 35 -142 -169 20 -2 -187 0 -96 -116 162 98 48 -270 2 
-81 -30 33 90 1 -53 -78 -82 131 88 -96 -140 -67 -122 31 105 -174 -300 -35 25 -58 72 251 -311 -33 170 220 242 253 -244 -54 97 61 60 -128 -58 -37 150 110 16 77 -36 -47 21 133 21 57 54 -18 69 113 -56 -24 19 -32 182 224 -29 13 119 -124 -3 239 -151 -290 245 -59 96 -6 -315 -364 80 -57 -105 -26 11 -291 180 2 
-174 -327 260 74 -167 -475 -48 -30 61 397 -21 -470 -62 29 53 102 172 -441 -200 309 106 -87 208 -245 -277 375 390 14 -345 319 -390 60 128 -307 -496 496 -106 94 -249 -102 -496 353 -19 -69 27 224 268 237 -25 -62 35 -172 96 66 0 86 -28 -19 184 -72 -39 170 -86 112 409 15 -134 126 196 112 496 319 -118 -169 323 100 85 336 2 
-47 -6 116 -80 91 -59 -72 -84 156 98 54 57 -117 -234 115 139 -52 -229 -67 5 -55 85 57 -449 -42 55 112 223 169 -290 -44 67 61 100 103 -257 -41 213 167 5 154 -85 -64 55 240 14 -98 148 -64 63 301 -131 -294 100 -117 83 204 -254 -496 166 -129 -54 -41 -194 -496 174 -42 3 -77 -117 -228 77 -13 -18 107 49 -148 70 2 
-47 -107 52 70 206 -358 -34 -33 94 118 244 -298 -73 182 221 -18 10 -188 -166 262 390 85 -227 117 -296 49 175 -334 -496 215 -66 113 -175 -173 -496 97 -75 -116 -154 -27 -496 301 -6 -111 1 30 246 55 -27 -82 6 -59 -47 6 -8 87 -22 -21 296 65 -16 172 -4 206 399 178 -84 129 96 194 496 292 -119 -180 390 366 330 496 2 
-119 -129 108 -254 -294 -150 -62 -70 108 196 102 -104 -60 -161 6 167 89 -220 -80 -22 -45 96 225 -346 -38 61 167 234 317 -231 -74 92 157 28 137 -269 -90 249 255 -5 45 31 -148 24 390 -43 -496 271 -248 59 150 -456 -496 25 -149 -26 -133 -154 -496 138 -6 -42 -133 -31 -156 -59 19 -60 -20 34 -84 30 30 -44 48 4 39 34 2 
-91 -180 182 -127 -252 -1 -64 -82 147 74 92 -10 -101 -231 115 118 -122 -111 -105 -44 -149 -102 68 -496 -56 96 -8 226 496 -167 -58 -5 390 368 330 -341 -89 223 22 -354 -131 -216 -104 191 355 -199 173 231 -310 -141 390 -286 -496 212 -265 89 -225 -496 -496 -233 -6 -27 -121 14 -292 83 -15 -104 67 102 -80 1 -22 -52 7 -11 -79 -24 2 
-149 -2 -80 -146 -212 -6 -93 -127 135 149 -151 -22 -100 -147 55 18 15 -320 -48 34 -53 181 147 -349 -17 -5 92 152 156 -319 -46 212 86 -20 57 -105 -102 227 313 44 230 84 -152 -4 302 -68 -496 213 -210 163 259 -186 -496 143 -157 -45 -122 -334 -496 160 -12 -8 -77 -179 -364 73 0 -83 19 -61 -219 26 24 65 -82 -88 36 28 2 
-75 -83 152 57 28 -58 -75 -169 103 88 -14 -45 -76 -112 69 -17 -132 -238 -46 -6 -132 92 142 -254 -33 -1 33 192 314 -157 -32 58 131 255 303 -118 -67 33 171 154 187 -74 -75 -2 131 88 -41 -36 -66 94 224 75 -65 -11 -90 67 301 16 -439 187 -91 64 163 -186 -474 17 -48 95 -49 -217 -496 119 -41 -196 -52 39 -315 183 2 
-139 56 293 -114 -496 181 -132 118 234 -114 -496 157 -128 -49 -106 -254 -496 166 -11 -9 -112 -176 -227 17 -4 -27 -66 -53 22 21 -16 10 68 -25 91 53 3 72 -19 39 192 63 -7 105 -16 130 348 230 -92 15 201 360 480 429 -89 -205 328 -207 0 78 -99 -130 106 33 54 -25 -94 -187 108 129 -82 -142 -98 -126 -48 29 40 -371 2 
-98 -76 76 -117 -75 -131 -64 -102 113 149 22 -102 -60 -106 70 59 23 -223 -42 -4 -40 76 149 -271 -29 48 80 179 266 -209 -21 96 185 57 154 -113 -53 123 244 -37 40 58 -105 116 375 93 -124 223 -204 -47 124 -340 -496 133 -36 79 -55 -204 -348 55 -33 -86 -16 -50 -371 118 -6 -16 12 -40 -122 0 -17 -17 -11 -50 7 -3 2 
-149 28 249 -73 -481 188 -177 -4 141 -191 -496 161 -109 -12 -36 -230 -496 137 -56 -57 -300 -158 -496 124 -6 -61 62 -34 -132 75 -14 0 -36 126 293 80 -21 21 -33 93 344 43 -55 41 0 108 486 -33 -48 118 109 202 496 103 -75 46 293 113 311 349 -113 -158 163 -66 106 158 -121 -129 172 83 79 -90 -149 -186 296 262 -244 -167 2 
-187 -2 -38 -356 -496 140 -40 -46 -103 -147 -324 96 -1 -67 4 -33 -107 38 -7 -1 28 19 5 -26 3 41 9 -45 60 41 0 58 41 -13 110 107 -16 124 -11 151 287 233 -42 -35 207 221 370 353 -50 -160 200 -92 -81 98 -57 -135 141 -46 -18 44 -74 -185 97 43 -16 -45 -68 -95 1 9 36 -247 -76 -71 -7 205 240 -264 2 
-83 -161 151 -80 -96 36 -83 -174 98 28 28 -75 -128 -283 24 54 -41 -340 -86 36 -2 181 392 -319 -69 64 205 237 464 -242 -61 51 99 2 -234 -167 -56 167 218 88 36 -31 -46 23 97 -30 -193 34 -31 40 42 -86 -132 43 -21 -34 107 -35 -96 76 -31 -62 93 29 -104 28 -4 -2 84 -18 -44 24 -1 20 155 75 -19 98 2 
-46 -133 141 112 89 -119 -70 -202 24 309 85 -204 -104 -131 -62 -43 88 -326 -40 123 71 111 440 -267 -1 81 245 109 143 -93 -40 93 165 26 11 -20 -64 81 280 42 -93 84 -117 -10 390 109 -496 87 -113 66 -121 -317 -496 -76 5 -11 -82 19 -148 95 8 -25 79 32 31 56 6 -9 46 -16 -98 0 31 4 69 -10 -25 69 2 
-107 47 27 -361 -496 -35 -69 56 184 -91 -496 231 -87 -114 -65 -209 -472 146 15 11 -56 -19 -97 12 21 -26 36 12 66 -4 4 -50 77 -49 -90 -3 11 35 -3 -47 31 19 -25 32 -45 -22 139 46 -64 188 18 190 473 220 -68 76 258 181 496 346 -95 -314 258 -15 -96 157 -77 -114 144 -13 93 -110 -99 -224 55 182 3 -142 2 
-90 -52 76 -35 -46 -118 -82 -157 76 180 2 -114 -88 -102 13 37 9 -320 -52 29 -16 149 158 -235 -39 -7 120 94 115 -177 -69 74 53 39 163 -223 -50 210 242 120 95 40 -59 56 264 -1 -112 77 -50 72 117 -142 -313 37 -47 63 290 -62 -460 160 -86 -108 -18 -221 -376 73 -4 39 21 -23 -103 41 -19 -56 115 -8 -120 1 2 
-75 -117 125 -62 -29 -18 -79 -84 82 55 21 1 -85 -166 107 70 11 -89 -62 -108 129 86 -12 -238 -69 -57 5 59 -21 -246 -71 6 0 120 150 -268 -12 113 196 117 111 -106 -12 75 131 49 68 -98 -31 122 245 -38 -71 25 -62 65 272 -88 -444 114 -68 50 79 -132 -431 81 -48 10 -24 -81 -321 159 -31 -91 17 -59 -31 34 2 
-125 -75 128 186 3 -290 -93 -21 15 163 49 -348 -41 164 73 77 -10 -195 -45 199 92 -19 68 -15 -80 177 266 -2 -35 34 -119 57 282 -80 -420 170 -192 65 186 -379 -496 241 -98 -17 -79 -119 -496 99 -40 -59 -95 -46 -341 148 -1 -64 -6 47 4 55 24 -16 75 -26 -24 29 17 -36 36 -10 4 21 25 -42 48 22 72 1 2 
-130 -2 115 -279 -496 127 -160 86 119 -174 -496 200 -85 -49 -81 -156 -432 165 -21 -39 83 37 -26 42 -22 -56 -6 -94 -283 25 26 -18 -4 21 -26 42 23 -51 39 9 76 3 38 -24 79 3 -16 0 36 -20 52 18 41 -1 31 -18 83 25 90 -6 28 -38 66 25 89 -14 23 -15 75 18 68 -16 21 131 -2 -44 162 1 2 
-199 33 214 -305 -496 30 -204 56 104 -174 -496 163 -47 29 -226 -137 -453 39 -12 -125 -58 109 39 116 29 -28 81 2 72 -9 22 -20 40 14 32 19 24 -52 78 24 27 15 36 -49 58 18 41 8 27 -54 69 49 72 6 17 -74 71 42 71 -24 29 -9 37 26 65 -34 23 39 51 18 142 -18 10 128 -2 86 237 52 2 
-206 -32 187 126 321 -268 -139 -117 388 301 -141 -235 -126 117 -55 -238 -235 -438 -72 272 213 -56 -2 -48 -102 104 287 -19 -221 40 -111 48 246 -143 -496 40 -69 89 135 -156 -496 115 -89 -20 -85 -294 -496 154 -40 -10 -172 -151 -246 16 0 -48 137 67 -3 34 4 -29 16 -17 -46 15 16 -71 16 9 51 10 25 -56 90 56 80 -7 2 
-124 -113 51 65 124 -291 -108 -166 22 155 228 -310 -83 48 141 119 230 -304 -62 153 179 80 106 -139 -84 104 154 -42 -223 -13 -80 106 346 49 -245 97 -146 -22 182 -93 -496 87 -146 -25 -13 -187 -496 65 -18 -36 -67 -35 -301 83 2 -92 28 24 -122 4 34 -2 -12 -30 -27 -18 27 -18 48 -5 119 48 34 -46 88 -4 12 34 2 
-91 143 386 81 -496 228 -237 4 102 -66 -496 199 -67 -37 29 145 -422 141 -31 -33 -69 30 -325 146 42 -91 -17 88 -97 14 67 -39 75 90 -49 -52 35 42 35 -5 -32 -13 52 19 81 18 10 10 33 16 34 -13 15 10 -221 161 -263 -24 496 216 -115 58 188 186 496 285 7 -39 303 133 351 192 -33 -165 193 108 212 52 2 
-224 86 214 -302 -496 270 -173 -8 -134 36 -496 132 27 -136 -23 48 -259 113 24 -42 0 -21 -180 25 38 -8 51 76 -62 9 44 -2 40 27 -28 20 -19 82 -61 0 55 45 -240 220 -39 173 496 250 -27 -14 385 376 496 228 -30 -84 157 -27 214 212 -12 -96 182 31 165 64 -33 -100 149 38 65 -57 -73 -136 51 45 65 -195 2 
-123 43 283 169 496 279 -1 -73 340 -156 159 289 0 -168 240 -24 20 36 -48 -77 117 6 -38 -95 -54 -158 26 95 31 -174 -86 -176 22 319 372 -496 -143 28 145 136 160 -496 -139 185 43 1 49 -287 -137 205 90 -108 -54 -119 -92 202 276 -59 -177 120 -61 94 328 271 -355 151 -160 -37 76 -71 -496 218 -64 -34 94 125 -398 139 2 
-20 -142 389 462 496 272 -44 -152 202 156 292 128 -40 -113 227 -64 35 -14 -48 -39 134 21 -2 -83 -44 -155 -9 76 95 -156 -84 -197 7 142 326 -496 -140 95 128 199 236 -496 -101 205 207 117 -21 -233 -121 138 162 55 -190 -55 -85 107 175 181 -272 31 -69 87 218 146 -363 170 -62 45 233 -83 -496 259 -109 39 12 -67 -471 255 2 
-159 89 182 121 496 318 25 -91 311 -124 114 319 -9 -218 150 -20 107 67 -41 -198 101 81 202 -140 -104 -215 -45 170 351 -320 -107 -84 26 25 265 -463 -119 101 133 176 169 -443 -151 224 166 87 -8 -233 -127 206 311 157 -224 26 -154 135 371 103 -496 299 -203 -102 36 -297 -496 311 -53 -12 24 113 -362 117 -21 -65 -28 0 -261 166 2 
-162 29 126 82 496 454 107 -153 390 50 282 264 15 -149 158 32 136 13 -34 -33 111 50 100 -32 -15 -51 113 43 33 0 -26 -235 36 -30 24 -182 -134 -139 -36 142 362 -433 -91 89 179 306 258 -496 -131 86 78 132 86 -304 -131 152 94 48 64 -169 -89 178 249 -35 -156 66 -59 74 350 132 -376 198 -143 -41 75 -143 -496 163 2 
-179 69 306 284 496 437 23 -140 302 175 239 306 -9 -152 182 61 25 139 -14 -274 117 30 38 -67 -133 -199 55 -60 318 -345 -138 -61 15 -61 345 -357 -74 164 152 230 299 -340 -71 207 146 -33 11 -192 -29 155 303 -132 -264 -20 -55 82 192 37 -398 36 -36 34 192 172 -488 73 -38 3 130 158 -496 113 -37 -48 29 33 -403 132 2 
-46 181 390 160 -364 113 -111 33 264 45 -496 252 -161 -19 -6 -158 -496 126 -35 -136 -37 86 -343 61 15 -39 14 9 -207 -18 23 3 32 -36 -124 27 40 -23 32 42 -37 18 57 -31 30 3 -4 13 69 -18 73 49 18 -17 69 -14 80 23 9 0 84 -54 82 -49 -22 -11 67 -41 35 -77 0 -60 -118 269 -201 -457 178 51 2 
-147 127 351 155 -496 136 -184 -74 84 -116 -496 77 -114 -69 -95 81 -453 -23 -1 -40 -40 -46 -191 8 29 -47 8 -10 -78 -29 47 -13 73 26 -18 -46 40 19 59 -19 -20 -13 73 -5 98 20 -36 9 53 4 59 20 -52 7 -105 186 -159 -400 25 125 -292 156 -5 109 496 425 85 -61 390 412 418 325 -12 -239 134 -15 49 182 2 
-205 32 204 198 496 496 43 -141 390 451 387 293 -42 -290 43 -172 48 91 -41 -136 118 69 118 -114 -69 -164 23 195 242 -202 -118 -176 0 -75 253 -356 -81 87 176 132 241 -460 -107 242 194 32 41 -162 -93 101 190 44 -134 57 -64 29 119 26 -218 74 -30 46 183 15 -203 126 -8 -33 277 -14 -483 184 -82 -50 66 -13 -496 56 2 
-86 -281 138 -136 -137 -251 -55 23 198 7 -189 -262 -29 86 55 137 -261 -66 22 -5 22 23 -141 2 41 -40 98 -60 -83 -60 38 -66 142 4 -139 -129 22 -44 75 0 -158 -159 9 4 60 -40 -165 -190 -14 366 -255 -264 -37 37 -163 196 -18 130 496 384 -158 47 244 227 465 429 -88 -292 383 194 170 302 -87 -252 155 -120 -35 -71 2 
-131 -390 39 -111 46 -129 -118 -124 198 -47 82 -390 -152 -108 -69 37 115 -382 -28 169 49 56 247 -377 -62 302 191 -1 116 -165 -30 132 267 14 -92 72 -15 30 390 -27 -447 45 -95 -11 271 -30 -496 47 -169 -52 19 196 -496 97 -39 -86 -241 48 -296 73 14 -15 -52 -74 94 55 48 -85 127 9 33 48 44 -52 67 -40 19 6 2 
-178 63 103 18 -496 177 -91 -53 -153 -57 -368 211 -1 -78 -24 115 -154 130 28 -111 21 10 -23 60 26 -69 43 -38 39 3 27 -54 83 -4 27 -14 26 -55 68 -24 28 -24 22 -56 71 -35 38 -45 -29 99 -25 -46 118 -10 -89 211 -5 112 438 211 -86 110 185 246 444 317 8 -183 373 119 70 316 -71 -325 103 -165 -72 62 2 
-13 17 390 11 -383 63 -93 -20 327 -37 -496 13 -185 -3 12 -72 -496 106 -49 -35 -129 77 -390 100 1 -86 -170 -116 -39 13 20 -8 103 -52 77 21 16 -50 61 -8 27 40 27 -53 26 -12 70 11 31 -39 48 -10 94 -19 -12 111 1 -13 162 48 -99 166 18 93 468 287 -89 66 224 162 342 340 -65 -216 267 193 94 318 2 
-125 -323 142 111 212 -213 -85 -144 187 301 171 -390 -42 115 -61 83 102 -400 -25 300 174 23 97 -168 -88 130 390 -134 -189 83 -120 19 390 37 -496 72 -252 -2 31 24 -496 95 -101 -133 -271 56 -352 137 14 -47 -54 -1 54 -54 31 -15 95 27 -19 4 14 -27 46 -32 4 -6 31 0 98 1 21 -4 39 -24 85 -3 17 -1 2 
-110 -327 235 -35 78 -216 -165 -122 19 160 102 -370 -17 84 22 277 132 -349 -24 282 124 -48 -19 -220 -77 275 355 -60 -184 65 -124 -72 390 -56 -496 209 -260 -152 3 6 -496 -77 -62 61 -188 -16 -335 58 3 -33 -82 88 -164 63 13 -62 -39 -42 9 -1 33 19 109 16 35 8 41 7 51 -13 35 47 63 -54 64 0 43 30 2 
-152 -321 41 15 131 -203 -126 -135 70 95 159 -302 -81 7 -31 107 292 -333 -50 187 105 91 182 -323 -65 240 316 35 -40 -102 -66 147 390 38 -419 61 -189 -3 195 19 -496 91 -111 -99 -154 9 -420 103 -2 -56 -78 -54 -142 -39 -5 -21 15 -24 6 -8 18 -38 47 -22 21 -9 -1 36 34 -88 65 31 -99 100 -63 -4 350 171 2 
-133 78 196 47 496 355 -89 5 300 224 272 413 -65 -309 252 172 81 251 -131 -287 52 37 108 -149 -106 -120 114 119 128 -265 -103 -95 17 175 170 -358 -67 124 19 11 89 -388 -60 294 252 -46 -17 -187 -56 159 390 -74 -335 73 -132 -72 213 125 -496 15 -164 99 19 -13 -496 88 -63 -106 -65 107 -364 125 24 -52 -111 -48 -113 -23 2 
-227 66 390 108 -496 110 -205 -75 -199 25 -496 88 -2 -143 -103 -114 -225 -37 4 11 18 -9 -100 -60 21 -21 64 -29 -36 16 38 -23 65 -25 -3 4 40 30 88 24 13 22 43 -7 91 -2 -10 67 60 -34 74 -19 -10 41 57 -66 64 5 -9 9 42 -52 65 -48 0 -44 8 68 4 -86 20 -11 -126 229 -156 -3 424 206 2 
-127 -242 116 -85 35 -219 -160 -51 -83 210 264 -274 -61 2 66 190 338 -335 -53 127 239 102 125 -329 -76 145 186 48 -54 -143 -80 223 284 -95 -231 -101 -125 204 390 56 -496 137 -253 -90 0 12 -496 161 -68 -174 -75 -52 -365 -25 -18 9 -155 11 -141 -53 25 -22 96 19 32 8 32 -36 85 -17 7 9 44 -10 83 -35 11 11 2 
-164 50 323 140 466 454 -118 -390 365 212 90 372 -202 -390 -40 113 173 -170 -85 -125 21 84 198 -409 0 79 0 18 165 -329 -98 296 390 -76 0 -289 -123 213 390 -76 -496 24 -340 -124 103 189 -496 -31 -117 46 -81 -47 -496 25 -13 5 -199 -10 -258 67 18 -119 -27 37 44 60 38 -37 127 -48 6 15 43 -13 58 5 2 0 2 
-205 -390 39 79 236 -255 -156 -110 102 59 249 -483 -53 128 68 156 207 -354 -93 333 235 -30 61 -266 -112 388 390 -89 -458 112 -255 -185 329 159 -496 222 -185 -8 -255 -130 -496 84 -21 -83 -122 14 -149 41 27 -80 50 20 -10 28 21 -42 69 -11 -31 -6 26 0 41 14 0 0 30 19 72 29 35 52 29 -64 82 -15 10 38 2 
-103 205 226 163 496 357 -76 -127 380 186 142 416 -116 -386 173 119 14 105 -171 -348 45 85 114 -343 -101 -30 -66 142 251 -452 -57 195 105 16 218 -384 -85 293 287 -132 56 -164 -59 234 390 -87 -375 139 -177 -127 327 -1 -496 170 -187 -150 -190 -51 -496 17 -28 -17 -123 -77 -151 -9 13 -29 71 24 -5 -4 9 -55 73 12 -25 -13 2 
-146 36 390 62 -496 191 -217 -24 -31 45 -496 117 -60 -42 -145 -34 -294 119 -6 -83 -37 -1 -29 17 16 -58 98 -29 -43 -7 8 -12 53 -10 -35 -14 24 -31 67 20 21 1 38 -31 86 11 -3 -16 17 36 69 -3 -26 -31 -92 191 -173 -3 248 145 -96 64 110 101 482 319 -68 -119 252 186 266 278 -76 -255 256 137 63 121 2 
-203 -71 321 138 -496 202 -171 -54 -118 -14 -496 63 -27 -12 -51 -79 -217 66 3 -56 23 15 -94 29 -3 -33 46 -27 -52 -7 16 -21 69 -21 -33 8 29 -38 49 19 -5 8 41 -37 78 -2 17 -12 40 -21 97 0 -11 -22 33 -23 78 18 -4 -32 7 31 39 -37 13 -39 -112 261 -136 -54 237 197 -71 102 200 124 401 353 2 
-153 190 390 -51 -496 105 -248 -24 73 91 -496 91 -136 -43 -70 -3 -495 83 -38 -76 -146 -63 -204 108 9 -110 7 -4 33 -26 18 -47 110 -29 0 -35 17 -44 70 33 4 -39 43 -39 64 -29 27 -55 47 -22 58 -43 33 -99 29 18 52 -49 44 -114 -73 358 -54 -200 158 176 -156 198 96 93 459 492 -146 -83 337 400 284 496 2 
-161 -351 131 -68 156 -351 -170 -17 -50 31 261 -414 -50 85 42 73 280 -361 -93 185 236 25 106 -325 -86 280 390 -180 -197 -29 -117 106 370 42 -491 96 -189 -17 270 40 -496 93 -175 -101 -76 51 -496 79 -41 -61 -160 -62 -309 29 5 -36 -74 -20 -38 -7 9 -40 98 -31 19 18 23 -26 67 -6 10 13 35 -45 57 -24 37 11 2 
-133 -236 155 232 229 -391 -170 -71 -115 181 283 -417 -47 113 89 147 207 -387 -140 327 254 -50 26 -251 -112 271 390 -232 -369 153 -229 -148 353 178 -496 80 -226 -61 -164 36 -496 15 -23 -50 -123 -142 -248 67 -1 -61 -31 -37 -71 -18 18 -54 84 -39 -5 0 22 -11 67 3 3 3 37 -11 84 10 3 34 44 -29 101 -28 -36 40 2 
-125 -225 36 89 26 -91 -121 -162 11 149 137 -174 -136 -202 -129 163 300 -369 -72 33 93 -3 260 -416 -118 287 260 4 128 -245 -133 198 359 -31 -131 48 -107 36 390 45 -496 98 -223 18 129 113 -496 83 -127 -70 -121 -26 -457 143 -17 -89 -55 -66 -205 80 5 -93 9 -68 -67 -15 13 -38 58 -58 -22 -36 10 0 33 -73 16 8 2 
-77 60 359 -171 -444 140 -221 -27 390 18 -496 39 -309 25 -195 36 -496 130 -32 -132 -213 -43 -176 9 13 -33 63 -112 9 -9 8 -34 99 -82 -32 17 21 -41 70 -42 0 -1 27 -39 63 22 23 -28 34 -14 62 39 26 -40 22 29 71 2 26 -42 -90 273 -162 -81 153 148 -161 135 52 63 496 430 -134 -148 319 240 333 428 2 
-245 168 263 121 496 496 -146 -290 261 272 327 431 -94 -390 274 17 47 64 -159 -296 72 117 182 -205 -179 -195 -167 165 300 -475 -92 182 66 10 202 -441 -123 390 287 30 22 -123 -143 134 390 188 -496 146 -307 -35 111 54 -496 8 -158 61 -153 -79 -496 208 5 -105 -69 132 -193 155 37 -74 -7 -8 -42 -6 27 23 84 -87 -6 25 2 
-250 175 100 158 496 346 -154 27 390 243 392 437 -125 -292 251 136 -38 232 -187 -390 -49 84 168 -212 -174 -57 36 64 223 -496 -72 216 58 140 170 -347 -84 291 293 94 -2 -167 -112 150 390 -92 -476 32 -200 -18 169 59 -496 100 -124 -80 -154 -65 -458 140 -8 -81 -32 -73 -142 37 -10 -17 7 -51 -23 20 10 -22 94 14 15 31 2 
-133 226 390 -2 -278 -89 -252 177 390 212 -496 123 -367 83 -115 -47 -496 208 -76 -97 -117 29 -461 187 -3 -109 -177 7 -62 -43 15 -14 115 -101 72 -2 18 -6 110 -28 6 61 37 -53 69 24 34 36 55 -57 95 -9 33 -7 36 -33 75 -7 24 -46 -52 109 -120 -119 90 -13 -221 245 -62 46 496 271 -154 117 390 224 496 383 2 
-134 -390 179 139 324 -223 -159 -97 100 -28 139 -408 -50 109 55 246 225 -357 -126 284 284 135 38 -314 -141 358 390 -77 -335 48 -275 15 390 26 -496 276 -353 -62 -149 -121 -496 237 -59 -173 -252 49 -192 113 8 -125 44 29 91 -16 8 -28 113 -52 -6 -37 4 7 70 1 -3 8 27 -37 77 -4 8 0 35 -31 86 -24 5 -38 2 
-123 -390 84 68 241 -158 -146 -87 123 -3 255 -491 -74 153 61 185 178 -328 -125 223 296 143 24 -252 -127 293 390 -228 -496 19 -318 -101 225 248 -496 90 -165 -98 -290 -67 -461 71 -8 -27 -80 78 -93 -23 -3 -33 50 5 4 39 22 -48 78 -60 -11 29 25 -14 79 -28 -5 15 34 -2 72 43 22 31 27 17 68 -16 3 34 2 
-107 298 390 9 -121 65 -119 29 336 31 -496 227 -220 65 115 -46 -496 181 -111 -236 -120 130 -377 103 -22 -85 -107 -229 -151 9 4 35 87 -14 -13 -9 18 -66 84 15 -27 32 10 -32 77 -72 -17 -23 16 9 80 -6 -3 -2 0 22 36 -10 0 26 -121 122 -226 -84 234 150 -143 148 121 168 496 320 -87 -104 298 345 360 296 2 
-132 118 390 -17 -496 236 -240 -68 216 91 -496 117 -180 -72 -155 10 -496 69 -45 -43 -228 -33 -59 40 25 -48 122 -8 83 0 5 -50 100 -58 -22 13 6 -7 78 -28 0 3 -19 112 -18 6 62 42 -146 171 -37 82 469 275 -112 -14 257 184 398 326 -72 -205 225 177 136 249 -141 -283 -1 26 172 -26 -105 -153 60 129 227 -247 2 
-156 227 390 19 -496 276 -275 -113 14 129 -496 175 -78 14 -182 -91 -357 85 -1 -21 14 62 -83 76 13 -102 44 0 -89 50 15 -58 16 -81 -32 2 32 -27 71 0 14 -5 37 -35 82 -28 14 -26 13 60 41 -27 24 -34 -113 227 -182 20 316 148 -119 97 129 144 496 305 -98 -65 248 241 360 297 -78 -250 237 42 136 167 2 
-205 3 390 164 -496 165 -281 -84 -159 15 -496 91 -37 -30 -7 38 -295 22 -18 10 -67 -20 -120 46 5 -65 -21 -48 -8 47 8 -57 80 -70 25 33 22 -53 70 29 34 -9 14 12 44 -7 42 -17 -66 155 -62 -88 147 63 -143 179 52 94 496 338 -90 -48 287 204 318 355 -90 -250 168 148 194 196 -112 -287 104 37 211 -83 2 
-76 205 390 -45 -210 61 -168 -59 390 33 -496 8 -364 -82 -50 192 -496 -77 -94 -27 -208 -18 -343 -17 -15 -32 -94 57 -31 -23 17 -66 99 16 3 15 14 -12 81 -64 -6 -6 15 14 73 -2 29 22 20 3 118 93 33 42 25 -20 102 -1 -19 36 -37 117 -71 -140 29 78 -153 178 -64 102 483 281 -130 -22 226 166 422 350 2 
-59 171 390 -210 -403 26 -183 -140 338 254 -496 -19 -176 36 -157 131 -496 -12 -18 12 -105 41 -228 61 24 -72 -27 58 -83 93 37 -107 17 6 6 14 45 -20 73 10 33 -16 52 4 126 64 11 20 43 9 102 -16 -35 2 -99 241 -234 -105 96 109 -190 173 67 97 496 331 -105 -10 318 154 373 409 -95 -389 227 241 128 249 2 
-92 226 390 -48 -291 10 -186 -101 263 310 -496 117 -164 39 -103 -4 -496 100 -33 -97 -69 -2 -322 130 -4 -23 -114 39 -32 26 33 -29 109 -44 69 22 35 -11 93 19 -1 21 38 -28 62 -13 9 18 51 -23 94 1 5 3 50 -56 82 -13 -19 -24 -56 184 -45 -170 17 11 -150 152 -23 57 372 277 -80 18 303 198 306 418 2 
-120 356 390 4 -160 -37 -131 60 390 221 -496 149 -307 -72 -63 94 -496 156 -46 -119 -327 -38 -228 38 29 -62 82 -41 19 -5 10 -47 77 8 -20 5 16 -30 53 -29 0 -2 34 -35 75 0 20 -6 56 -46 101 11 3 -13 56 -35 68 -29 -25 -38 21 26 37 13 14 -69 -37 198 9 -78 86 78 -144 189 33 131 393 346 2 
-140 -369 19 38 276 -240 -120 -197 80 -11 304 -415 -88 94 132 173 323 -453 -135 285 306 -35 -17 -283 -108 253 313 38 -202 83 -88 83 386 -6 -496 232 -159 -31 40 37 -496 147 -75 -78 -91 -29 -372 102 -13 -90 -83 -19 -118 14 11 -44 49 -7 26 9 28 -55 97 13 -9 25 34 -63 37 -54 -10 1 37 -42 53 4 40 -44 2 
-120 342 380 18 -83 95 -27 -147 390 109 -488 176 -158 -60 2 97 -496 -80 -72 -35 13 43 -412 75 -7 -116 -60 62 -231 -6 8 27 -133 -144 -45 19 31 0 108 0 89 43 43 -51 99 -27 0 39 36 -17 89 -19 8 17 6 85 71 25 3 56 -61 149 -61 0 120 241 -72 18 128 252 367 337 2 -205 266 102 162 227 2 
-63 48 390 9 -484 158 -142 -104 250 99 -496 -14 -144 -27 -72 36 -496 118 -10 -119 -140 19 -214 -19 11 11 -36 -17 33 -33 35 -53 103 10 -4 16 29 -21 52 -41 -25 12 27 -3 25 -7 25 18 10 40 38 35 68 40 -94 227 -66 57 316 247 -94 55 165 204 396 393 -42 -224 229 143 195 306 -65 -253 148 20 105 42 2 
-111 195 240 131 98 -24 -28 67 390 21 -203 9 -133 90 304 -25 -496 88 -155 11 81 -79 -496 174 -109 -182 -106 77 -427 53 -25 -15 -98 -58 -128 -6 21 -25 34 -17 50 4 33 -26 89 -17 4 5 32 -19 84 -44 -13 22 33 -36 86 9 -3 11 -25 91 18 -27 -20 34 -168 183 -75 123 406 319 -68 -100 165 190 342 399 2 
-119 61 301 116 -496 149 -127 -28 -24 -26 -485 181 -25 -78 16 -21 -310 88 -6 -97 -43 6 -176 -9 -4 -37 -74 -64 -15 -6 29 -45 79 -11 49 -3 23 -33 58 13 26 -10 15 2 47 14 51 -17 -75 193 -74 -31 225 86 -124 195 134 97 436 345 -29 -200 201 58 136 363 -41 -261 143 -9 80 94 -77 -171 68 80 138 -46 2 
-89 67 295 189 -375 54 -62 -57 205 88 -473 -48 -103 51 131 -61 -496 26 -59 4 -132 -5 -370 87 11 -86 -70 -40 -87 -8 20 -36 97 -14 -60 -2 11 0 1 6 -47 10 40 -63 15 -40 21 24 49 -45 65 1 32 -5 51 -39 80 30 33 -9 43 -3 67 3 37 -3 -7 112 55 20 78 30 -88 234 -11 157 308 243 2 
-24 -182 205 -81 27 -4 -55 -86 139 72 46 -39 -31 -143 76 59 51 -68 -51 -48 82 -52 42 -184 -64 -140 39 64 79 -198 -60 -109 -31 71 175 -304 -54 55 220 -36 73 -321 -48 216 360 -1 -112 -139 -61 155 220 161 -222 20 -51 27 155 22 -367 146 -29 -13 68 5 -335 135 -12 -63 50 4 -287 100 4 -83 54 -18 -186 30 2 
-118 53 390 69 -496 63 -217 -67 64 112 -496 19 -98 30 -155 -53 -475 73 -22 -113 -249 47 -56 59 24 -31 111 -55 47 -6 32 -37 97 -1 -21 7 43 -33 52 12 8 16 57 -35 72 -15 16 1 59 -44 64 -25 12 -19 -8 63 -38 -46 46 -35 -139 229 -77 38 397 230 -91 40 237 159 375 363 -59 -186 270 193 129 339 2 
-70 129 297 19 -222 97 -56 -141 178 203 -353 133 -55 -5 232 -76 -471 -35 -91 -90 16 56 -468 50 -33 -9 -170 -9 -194 -18 13 39 75 -57 23 19 21 -17 75 40 -23 62 28 -29 56 -13 -12 64 37 -28 88 29 4 47 47 -59 106 43 -15 27 41 -59 73 -22 -24 4 36 -50 52 -18 0 -18 17 -2 61 1 50 -41 2 
-142 150 390 145 -490 177 -165 -78 82 -59 -496 107 -117 29 -60 -80 -496 163 -9 -179 -109 27 -179 26 4 -41 -57 -96 -11 -12 19 -15 67 -19 18 0 38 -34 37 -11 37 -2 36 -32 86 -18 55 -25 28 14 96 -11 53 -21 -62 184 -36 78 161 132 -102 101 93 252 431 312 -47 -36 336 213 250 340 -40 -261 208 162 38 173 2 
-140 -33 370 77 -496 122 -166 -61 -88 23 -496 20 -34 51 -113 37 -243 -20 -15 28 -12 -59 -139 177 9 -90 -7 15 -25 154 30 -57 38 14 69 61 17 -7 62 61 86 91 43 -113 86 6 72 111 59 -119 143 -96 32 -13 35 -90 109 27 -8 -58 41 -79 97 1 -9 -61 46 -73 111 -63 -38 -123 40 18 53 -10 -24 -104 2 
-60 206 390 39 -354 47 -159 24 241 -21 -496 249 -104 -123 -200 -41 -427 76 -36 -2 -79 -79 -120 16 11 -59 102 9 -34 39 14 -72 50 -8 -45 4 10 -20 28 -7 8 -4 28 -13 88 39 38 14 36 -52 106 -24 -15 15 32 -60 82 18 -7 -11 37 -57 89 47 2 -36 42 -31 88 10 -18 -44 41 -24 73 -13 -34 -50 2 
-130 -227 83 37 263 -425 -79 -28 124 55 177 -440 -162 217 100 -35 135 -347 -106 249 299 25 -27 -92 -28 113 383 100 -259 117 -82 -26 168 -71 -496 150 -78 -73 -123 13 -265 33 -14 -53 60 -12 -107 23 -3 -59 81 -6 -123 51 12 -61 17 -21 -73 15 22 -2 92 -11 -40 17 6 -38 100 7 -43 23 11 -24 54 -22 -28 0 2 
-80 -291 95 -10 78 -252 -110 -82 -10 -2 115 -314 -97 66 -10 9 234 -329 -76 203 201 -99 117 -224 -49 253 379 -58 -35 34 -42 -8 390 116 -343 102 -152 40 309 -33 -496 77 -179 -27 -133 7 -496 144 -5 -100 -128 -99 -147 0 12 9 47 -75 -14 -15 14 -41 57 7 -19 17 27 -45 54 0 1 -4 40 -41 67 17 12 -20 2 
-60 184 356 103 -189 56 -88 -34 29 -1 -357 125 -15 12 -17 -65 -60 41 38 -7 281 -85 -119 95 -5 -30 194 -80 -356 115 -29 -156 23 7 -304 39 -44 -41 15 -18 -235 -53 -34 22 -62 -45 -48 28 29 -31 57 5 36 29 35 -39 98 -13 8 8 37 -40 87 4 -12 0 33 -17 58 23 9 -5 43 -44 87 8 12 -1 2 
-65 169 390 101 -372 90 -153 -90 140 42 -496 89 -88 -17 -76 -111 -452 28 -7 -17 -62 -15 -146 38 5 -32 10 -16 -2 17 26 -29 90 9 -12 20 19 -5 64 11 -16 12 29 -40 78 -18 -2 15 36 -42 82 0 -6 6 33 -43 89 -4 -9 -7 40 -42 88 8 -14 -17 49 -35 87 17 -30 -57 -25 140 -75 -21 -6 -67 2 
-107 -310 138 45 140 -342 -94 -47 73 74 138 -409 -138 149 47 13 118 -372 -86 351 390 22 -22 -153 -77 158 390 74 -496 194 -180 -77 18 12 -496 117 -67 -64 -120 -92 -347 45 -24 -78 -11 -12 -142 9 14 -61 33 1 -70 -12 24 -12 32 -1 -24 -11 27 -6 57 10 12 12 40 -14 73 17 17 17 40 -22 74 2 8 13 2 
