-390 -210 86 -131 257 -496 -329 390 143 460 -103 -496 -60 276 33 404 -112 -142 24 194 11 52 -112 -95 27 94 40 9 37 0 9 8 98 -11 37 35 2 11 155 -7 24 7 5 26 124 42 6 0 10 56 117 11 -8 25 8 35 79 45 -29 91 16 28 89 0 10 53 10 37 94 5 11 61 8 34 103 -2 10 79 4 
-352 84 43 328 156 -496 -165 386 117 315 40 -399 -76 387 205 387 -122 -53 9 135 108 50 -61 -19 19 77 62 35 22 18 4 10 93 42 25 46 -7 -5 136 -24 -10 -22 6 41 132 14 -47 14 8 -7 87 -6 -60 70 17 20 112 18 -12 30 17 36 102 -8 -29 50 17 29 78 31 -26 89 13 3 67 3 10 64 4 
-354 -61 257 -28 308 -496 -187 294 11 476 -37 -496 -41 385 207 140 -5 -239 44 235 51 82 -154 -77 48 62 9 63 6 64 18 -36 118 20 28 59 12 -24 144 48 -9 4 21 17 118 0 -45 8 24 8 91 -8 -22 10 29 24 85 5 -16 31 30 18 96 21 -8 64 19 -12 88 6 -7 54 23 -5 86 -10 3 21 4 
35 247 10 15 -102 -75 45 89 -14 12 11 64 14 -42 122 21 59 57 12 0 139 -49 -7 8 14 -4 82 -21 -34 10 28 14 98 -8 -16 -2 30 27 86 25 -18 7 29 32 93 5 -20 32 27 11 86 2 5 8 28 19 92 3 -2 12 26 26 94 12 1 18 27 12 88 -6 0 17 28 19 85 -32 8 15 4 
-305 -49 49 -66 133 -496 -147 249 43 344 -83 -496 -39 228 133 239 -23 -270 25 211 75 37 -76 -24 28 52 84 85 5 26 10 -43 106 26 -6 -1 16 22 107 -24 -5 -44 23 22 103 -9 -11 -12 24 -4 86 -11 4 -28 32 22 103 12 -8 -28 26 34 82 24 -14 30 24 -1 84 16 10 12 24 10 99 -9 5 1 4 
-239 5 82 179 172 -496 -158 247 -37 280 70 -496 -54 332 238 179 17 -240 -2 139 52 80 -107 -87 32 92 63 8 -20 -8 23 4 86 57 6 28 21 -2 112 10 18 11 19 5 119 8 2 6 20 16 114 25 -20 27 23 5 102 41 -7 8 26 15 99 14 -6 1 22 5 83 19 -12 15 19 1 81 19 12 4 4 
-213 205 178 344 26 -496 -93 295 28 441 31 -416 -14 241 173 33 -16 -206 48 178 76 3 -51 -84 24 26 62 93 18 4 23 13 122 -17 14 -9 11 13 90 0 10 -2 13 6 112 17 -10 20 21 17 106 21 -13 9 19 17 91 21 -7 21 15 4 82 13 -11 29 17 11 94 0 2 21 16 16 101 8 4 12 4 
-279 -84 60 145 64 -496 -207 183 -45 326 -42 -496 -80 390 240 225 158 -285 7 133 77 184 -147 -59 35 98 51 -1 19 -26 19 49 101 61 59 26 -5 -12 111 43 22 14 11 2 130 -16 -9 -1 16 5 109 10 -23 16 20 14 99 14 -32 5 24 39 86 -7 -20 -3 24 29 85 -3 -7 24 22 23 93 5 0 42 4 
-291 -260 -11 -56 74 -496 -235 147 -11 216 107 -496 -87 325 107 298 110 -382 -32 176 85 129 -8 -166 -1 172 145 60 -42 -49 10 70 109 103 -28 3 11 18 92 14 -17 -7 13 15 90 37 -6 14 12 9 100 28 -6 25 14 26 110 2 -14 25 13 28 108 -14 -17 11 12 20 83 -6 -12 8 13 16 92 4 -16 28 4 
-390 -246 -35 -209 211 -496 -235 326 245 272 66 -496 -67 390 84 342 69 -285 14 253 213 122 -82 -129 35 105 38 42 -27 16 17 -27 87 81 55 51 4 -9 126 -17 4 -2 2 11 98 -3 5 0 7 -2 95 36 -6 2 14 5 104 44 -16 9 12 23 100 12 -10 -11 14 47 96 26 -15 18 7 25 83 33 -7 53 4 
-364 210 -116 -29 188 -496 -212 390 383 340 240 -125 -63 24 197 335 20 -7 4 182 73 -63 -73 -49 20 -23 40 24 53 66 5 -38 148 28 24 37 0 -27 122 62 17 0 2 20 109 71 -16 -7 4 24 83 46 -22 28 8 24 95 46 -3 15 4 30 97 6 -3 11 6 48 106 29 -11 35 0 6 77 43 -5 47 4 
-31 -10 130 177 -44 -78 -5 99 92 5 -108 -64 3 27 66 123 -21 -2 9 18 98 69 -22 21 11 12 93 37 -4 21 6 29 101 76 14 11 7 48 111 123 -1 51 4 23 89 157 0 44 2 29 87 87 34 -4 1 63 110 235 106 39 -21 59 125 85 -13 39 -7 50 95 41 35 65 0 78 78 106 17 27 4 
-334 -203 10 -121 45 -496 -228 268 72 122 48 -496 -85 385 44 308 116 -341 -40 157 117 163 -21 -74 -9 113 129 37 -42 -31 18 33 104 28 -35 -4 25 31 109 44 -41 18 20 31 88 89 -35 42 20 25 94 51 -16 37 22 35 96 4 -34 41 24 37 75 9 -27 44 25 29 78 17 -3 54 25 22 90 -6 -5 45 4 
-261 -311 83 -27 -89 -496 -228 63 16 76 -41 -496 -155 264 -43 232 29 -496 -12 371 195 152 11 -198 2 90 55 147 -20 -24 15 29 116 26 -37 -34 14 61 104 22 -53 -5 12 14 76 -7 -39 9 20 5 105 -12 -22 -6 25 43 108 -21 -38 -1 22 42 96 11 -41 29 17 0 81 38 -29 26 25 15 95 6 -19 -5 4 
-228 117 66 22 52 -496 -62 390 126 391 45 -441 -14 292 48 121 -100 -234 27 153 70 100 -75 -27 29 35 69 56 -38 -22 31 8 86 -43 -28 -39 32 26 86 -1 -25 -18 32 34 96 -14 -24 4 29 25 90 -4 -13 -3 30 13 92 -31 -3 -17 33 32 92 13 -11 6 32 28 92 30 -5 23 26 7 84 42 -5 20 4 
-268 -119 -89 9 -51 -496 -115 210 39 201 -179 -437 -32 338 38 369 -77 -227 33 287 106 57 -16 62 23 25 68 98 -10 138 11 -65 112 74 5 77 13 -15 115 0 -20 -8 20 28 98 0 -42 -18 23 31 80 4 -27 -9 24 37 81 -44 -15 -38 27 69 82 -41 -10 -11 25 45 87 -24 -4 31 20 9 92 -18 2 21 4 
-274 -243 -29 -150 52 -496 -170 293 178 42 66 -496 -54 230 111 215 -59 -340 -13 235 78 -41 -13 -168 8 131 109 61 -37 -6 15 25 97 104 -18 56 17 -18 100 -1 -17 -18 17 28 102 16 -20 -15 19 27 98 33 -13 13 16 5 100 40 -14 23 16 15 93 31 -20 4 21 43 83 31 -12 13 20 31 87 14 6 38 4 
-225 -80 122 -47 49 -496 -140 175 98 157 -75 -496 -44 260 82 84 -52 -351 -4 197 90 61 -27 -102 6 69 92 120 -32 0 14 36 101 -2 -24 -25 21 39 94 27 -27 -3 22 24 92 6 -10 15 21 2 99 -8 -3 4 24 27 97 0 -6 10 24 30 92 21 -10 36 22 6 91 11 3 36 22 7 106 -25 2 10 4 
-285 -162 91 -97 137 -496 -154 184 68 129 46 -496 -77 240 56 117 151 -402 -42 167 213 108 -23 -117 -16 111 128 164 -21 -39 -1 23 109 84 -32 -32 8 18 94 0 -53 -16 15 21 77 16 -36 4 8 3 100 15 -10 16 7 2 105 27 -27 21 8 0 90 12 -29 -1 12 21 92 18 -24 11 16 24 86 44 -27 42 4 
-228 201 202 -120 191 -496 -117 181 145 328 -55 -384 -65 157 61 126 -86 -360 -4 235 93 3 -53 -183 10 103 78 72 -23 -30 17 18 103 21 -20 -22 17 23 95 -20 -28 5 20 26 86 -15 0 5 14 -1 100 -10 3 4 18 20 99 -26 -5 1 18 31 97 9 -2 1 17 17 100 6 -7 26 17 16 98 -20 -12 39 4 
-229 283 134 162 226 -496 -107 313 199 496 1 -250 -36 49 87 163 -130 -167 17 158 64 -29 -98 -93 25 51 49 94 -2 0 25 -2 116 69 -2 3 22 31 100 -15 -32 -12 22 39 94 19 -16 -2 24 45 94 23 -10 7 24 38 89 32 -2 14 21 28 87 -2 -5 13 23 29 86 -5 3 9 18 33 89 7 9 20 4 
-222 -261 40 52 -124 -496 -225 213 -90 42 69 -496 -90 390 286 329 65 -211 8 144 31 84 -119 -112 38 60 32 -15 -42 -36 8 -4 95 79 11 9 7 6 130 41 -21 -24 13 40 99 33 -46 -16 21 32 73 48 -33 5 25 24 86 44 -16 9 19 28 87 17 0 -16 21 37 95 10 -13 -1 22 45 93 21 -12 10 4 
-183 -100 9 64 -49 -496 -95 217 58 182 -100 -405 -40 180 105 274 -103 -219 24 201 29 20 -84 -139 33 97 59 24 -32 -28 32 35 100 37 -14 -11 34 9 111 2 -25 -30 40 38 96 1 -32 -12 40 44 88 4 -23 1 35 31 77 4 -6 -1 36 34 86 -10 -3 0 37 33 81 7 -6 2 32 33 73 19 -3 10 4 
-260 -209 48 2 -129 -496 -184 245 47 164 -28 -496 -58 324 111 291 10 -299 0 242 50 7 -71 -110 26 116 62 59 19 13 22 10 114 71 37 18 22 8 127 22 1 -4 21 9 96 14 -19 -2 27 29 92 40 -20 -2 25 39 87 27 -6 -4 19 21 84 40 -2 2 20 45 92 20 -6 0 19 29 90 18 7 6 4 
-225 -311 62 -67 -42 -496 -207 205 37 38 -1 -496 -106 291 32 186 4 -363 -62 257 102 2 -56 -192 -5 128 58 12 -68 -54 22 67 71 35 6 -16 26 29 98 60 7 5 21 12 103 49 -6 4 22 32 93 25 -9 0 21 44 91 28 -11 10 20 44 95 11 -16 6 19 50 82 5 -12 21 21 45 84 9 0 31 4 
-267 67 94 -3 -124 -496 -125 190 -60 328 -146 -455 -55 301 121 67 -31 -259 -9 173 33 37 -93 -99 22 111 53 47 7 -25 22 28 110 50 -6 8 22 37 112 9 -26 -3 26 48 100 -4 -19 3 25 36 98 24 -16 -1 24 44 81 0 -22 0 25 44 74 7 -20 23 24 45 78 -4 0 16 23 21 99 7 -1 3 4 
-361 -87 49 -87 -25 -496 -283 329 122 304 -201 -496 -54 362 49 377 -252 -140 29 161 2 15 -89 -74 35 57 11 -30 7 -11 22 18 116 36 31 17 19 2 96 6 -12 -8 26 26 104 44 -17 -22 30 37 83 63 -27 -20 26 62 67 0 -23 -19 23 52 72 17 2 2 23 41 93 9 -1 9 21 53 90 -7 -6 -1 4 
-253 149 89 27 -110 -496 -143 201 -58 213 -147 -456 -40 273 78 66 -117 -225 5 127 79 9 -54 -73 23 57 73 47 -26 -33 25 21 89 71 -14 -9 28 15 85 50 -19 -18 29 39 85 41 -13 -20 29 39 83 50 -8 -16 28 25 86 18 -11 -11 29 44 89 8 -6 -3 26 53 83 20 -2 10 24 44 93 20 -9 12 4 
-260 139 133 20 -60 -496 -195 109 -111 169 -131 -496 -99 345 144 53 1 -240 -13 192 38 136 -58 -28 8 38 72 95 29 22 15 35 113 8 -2 1 18 31 95 19 -4 0 18 20 112 30 -12 0 20 37 99 55 -28 -10 20 46 85 20 -36 -9 18 54 76 14 -18 4 17 53 77 13 -2 13 13 47 95 -4 -6 3 4 
-209 75 77 180 -130 -496 -132 151 -77 149 -149 -496 -68 298 200 233 -74 -126 -8 168 95 90 -70 -80 16 99 46 73 -23 -30 18 59 91 73 -7 0 22 51 83 -8 0 -4 22 43 82 8 -4 12 20 42 82 38 0 24 22 43 84 -3 -12 -1 24 70 70 8 -3 18 17 79 69 46 23 65 14 22 100 89 50 69 4 
