-321 -276 311 -163 -110 496 -281 -162 335 -477 -352 23 -297 -110 159 -100 -496 -50 -212 -82 -28 -128 -440 -204 -133 48 -4 -170 -339 -259 -56 -16 -135 -87 -173 -214 -15 17 17 -35 47 -209 50 71 26 46 -7 -105 60 16 39 -7 77 -22 53 0 115 25 71 -19 42 -5 99 46 24 28 23 -46 103 -39 49 -5 26 -16 108 5 -7 8 1 
-257 -126 291 -230 -246 296 -266 -272 218 -98 -363 49 -209 -47 143 -191 -405 -207 -163 -1 -5 -173 -456 -151 -106 -57 -109 -177 -204 -268 -47 17 -7 -12 -28 -215 9 40 25 10 -26 -188 57 115 46 -39 40 -88 52 38 85 44 62 20 38 -8 131 10 19 -18 31 -10 94 -12 -4 20 29 -17 104 33 3 49 24 -42 94 -2 0 34 1 
-251 -191 277 -236 -249 281 -232 -148 202 -211 -383 5 -178 -52 89 -175 -355 -140 -151 -24 8 -130 -337 -170 -93 21 -45 -141 -179 -208 -48 -9 8 -31 -115 -159 23 35 5 -55 -25 -169 54 49 39 -1 31 -75 49 12 96 43 29 -13 50 4 112 5 11 -32 47 9 83 -15 13 0 44 -4 95 7 18 21 34 -37 94 -13 9 0 1 
-227 -138 254 -222 -357 36 -225 -101 110 -133 -449 -37 -193 -121 7 -151 -348 -208 -136 -9 -44 -143 -237 -295 -75 -15 -29 -3 -108 -213 -14 40 34 14 -30 -232 54 92 12 7 -1 -92 70 50 67 6 44 -2 47 2 123 0 20 -17 46 1 105 35 -15 11 35 -15 100 -17 8 14 33 -27 94 -9 -10 18 32 -31 84 -15 -6 9 1 
-193 -163 156 -181 -281 -157 -193 -42 100 -53 -408 -109 -147 -37 -37 -168 -271 -220 -84 3 -44 -40 -166 -167 -34 -12 14 43 -93 -148 24 52 18 -34 -49 -123 75 32 17 8 18 -47 64 -16 102 63 38 -27 55 30 111 -4 -8 -37 52 19 75 3 7 17 32 -37 86 2 25 9 30 -25 99 -17 -2 -9 41 -6 71 6 3 5 1 
-218 -238 167 -143 -354 -14 -207 -95 124 -130 -418 -118 -183 -116 -51 -76 -338 -229 -86 55 -54 -123 -152 -253 -32 0 3 36 -51 -188 34 109 -12 -70 26 -169 71 55 38 36 58 -28 68 -10 85 16 57 2 49 -10 132 -12 29 -8 42 -10 107 18 10 12 32 -37 107 4 10 -2 29 -12 97 -7 -8 0 35 -13 81 12 -4 16 1 
-252 -317 259 -136 -351 -1 -202 -70 124 -172 -391 -169 -199 -108 -27 -105 -348 -218 -102 62 -107 -115 -155 -263 -43 9 -2 43 -40 -179 2 -12 66 22 -37 -204 66 88 37 29 -9 -95 60 17 75 56 26 -9 54 -9 106 35 3 -46 60 35 72 4 4 -9 39 -18 84 4 28 19 31 -11 116 -8 13 -7 30 2 90 13 -6 13 1 
-213 -223 243 -221 -311 61 -207 -196 53 -62 -385 -105 -149 -81 -25 -133 -189 -251 -124 -24 8 -6 -135 -271 -25 111 -49 -6 -58 -213 30 81 18 15 18 -77 54 26 76 52 13 -19 54 16 89 -32 24 -33 35 -12 115 1 8 0 31 -19 113 15 -13 -7 28 -10 107 0 -22 -12 30 0 82 17 -25 -2 35 -9 78 11 -15 23 1 
-200 -136 193 -95 -410 -51 -186 -139 6 -108 -364 -135 -156 -27 -76 -96 -259 -227 -105 -42 -41 35 -132 -252 -25 57 -10 -15 -28 -232 67 139 43 -29 17 -111 88 64 70 0 25 17 68 -11 99 16 25 11 52 16 106 -30 15 21 27 -31 87 16 1 41 25 -34 100 -8 9 -5 28 -6 84 -12 8 -2 32 -3 80 -7 15 17 1 
-206 -199 265 -121 -315 -7 -194 -137 76 -65 -377 -105 -162 -47 30 -94 -273 -198 -105 0 -32 -3 -237 -194 -43 14 -26 -40 -115 -167 25 50 -18 32 -22 -144 80 105 24 -8 43 -80 83 59 77 0 56 6 68 -9 100 -5 45 13 39 -29 115 -12 32 7 33 -14 114 18 17 5 37 -1 104 -14 7 8 34 -5 93 -38 0 27 1 
-210 -199 228 -241 -311 101 -234 -199 136 -133 -451 -125 -189 -74 -31 -146 -325 -283 -159 -15 -55 -134 -156 -375 -56 91 -42 5 -29 -268 15 86 6 51 25 -150 48 62 60 32 48 -64 57 33 100 45 52 26 45 -14 134 -26 15 15 36 -2 97 -12 6 21 29 -1 103 18 14 60 24 -34 103 36 -3 84 20 -35 87 -63 -10 24 1 
-221 -272 180 -155 -352 35 -205 -123 156 -147 -382 -236 -180 -45 -44 -114 -419 -234 -87 17 -138 -102 -115 -252 -50 11 -11 87 40 -205 31 86 19 41 27 -194 78 135 63 -22 79 -28 48 1 130 48 76 106 34 -40 166 -33 21 -3 24 13 113 -10 -19 21 17 -35 94 24 -17 76 19 -47 89 1 -16 21 20 -27 77 -4 -15 14 1 
-211 -250 156 -153 -340 34 -194 -171 80 -77 -340 -199 -139 -28 -11 -66 -258 -216 -106 -37 -29 -41 -180 -223 -18 72 -40 -37 -53 -230 16 44 5 22 32 -101 44 54 68 27 66 -68 62 54 104 28 63 -10 42 6 126 24 43 31 29 -26 135 0 11 4 28 -18 108 -2 -15 7 21 -18 107 -1 -15 8 24 -1 93 -15 -23 9 1 
-197 -123 153 -100 -335 -168 -173 -109 18 -79 -292 -231 -113 33 1 -133 -201 -280 -57 14 -43 -10 -104 -196 1 35 -1 6 21 -154 34 65 62 1 21 -71 55 25 55 73 40 3 52 9 99 28 61 -30 37 22 128 22 29 10 33 -20 112 19 11 23 28 -24 109 -7 5 2 21 -13 94 0 -16 19 25 -9 83 -4 -8 27 1 
-222 -184 121 -86 -364 -131 -163 -82 -1 -47 -288 -220 -110 -5 -2 -34 -234 -206 -53 9 -41 -45 -129 -184 23 69 3 10 -27 -125 59 73 57 5 19 -35 64 17 81 8 7 9 50 -3 87 17 20 8 33 6 107 20 18 16 22 -16 97 14 -3 47 22 -28 97 -27 -3 11 26 -2 90 -7 -11 24 25 -26 78 -9 5 29 1 
-203 -248 210 -103 -307 56 -182 -164 108 -60 -405 -95 -139 -86 -67 -44 -311 -184 -88 -59 -47 14 -129 -227 -29 60 12 16 -66 -212 38 77 25 -15 -5 -132 61 88 70 -8 39 -35 49 -2 101 3 -2 23 41 13 97 -29 -4 -5 36 5 84 -1 5 37 26 -41 95 -12 7 18 27 -7 97 -22 -2 3 29 -2 88 -12 2 24 1 
-211 -142 282 -168 -312 52 -205 -166 93 -46 -443 -26 -146 -86 -61 -95 -296 -188 -80 -32 -77 -21 -152 -164 -36 -15 7 -27 -71 -176 19 31 21 -3 -26 -149 58 47 51 39 27 -75 54 24 106 29 41 -39 57 25 111 15 6 -12 45 -2 85 14 11 17 35 -17 98 -1 13 15 29 -18 100 -12 -1 20 23 -34 92 -14 4 27 1 
-245 -284 109 -74 -386 -59 -202 -136 -6 14 -347 -178 -127 -67 -46 -48 -255 -268 -44 61 -32 -50 -183 -226 19 30 -24 14 -1 -127 48 79 98 50 45 -70 56 70 85 20 -3 -4 54 19 93 -14 13 26 42 -18 94 -4 12 30 26 -49 105 -5 -7 20 26 -28 83 -3 -13 -2 29 -6 84 -1 0 8 22 -10 91 -15 3 17 1 
-172 -96 130 -79 -291 -149 -133 -117 -89 -46 -249 -196 -83 -25 11 -71 -85 -252 -23 22 -27 41 -62 -202 36 96 24 35 45 -133 47 72 99 46 24 0 37 -41 85 18 4 -6 42 34 103 4 -6 -14 32 -4 93 12 -2 35 20 -64 98 -17 -5 16 30 -11 98 -16 -11 -5 30 -3 90 5 -18 28 22 -14 86 -21 0 20 1 
-184 -119 140 -147 -322 -213 -133 -8 -24 -24 -359 -152 -72 -40 -24 -71 -175 -186 -18 26 23 -13 -83 -181 10 26 33 42 -42 -89 23 26 41 -18 19 -91 44 52 68 18 32 -20 37 -4 85 23 27 34 32 -15 105 -25 37 -11 22 -17 116 5 12 11 17 -36 107 -7 -7 5 16 -16 107 -23 -8 -1 15 -13 97 -24 -19 5 1 
