-11 4 -4 8 -19 -8 -10 6 -3 4 -15 -4 -7 10 -9 3 -10 -8 -1 12 -7 0 -3 -5 4 13 -10 -4 5 0 0 11 2 -14 25 6 -7 9 19 -5 18 3 -10 2 19 4 -13 5 -11 1 9 1 -25 -2 -8 3 -2 2 -19 -5 -3 9 -9 0 -10 -5 0 12 -15 0 0 -1 4 16 -5 -13 25 7 1 
0 12 17 -11 25 8 -3 9 19 -5 5 8 -8 3 15 0 0 9 -10 -1 13 6 -17 2 -8 1 1 5 -20 -8 -7 6 -2 5 -17 -10 -5 9 -4 1 -4 -9 0 9 -9 2 0 -5 1 13 -5 -2 17 0 0 15 5 -8 25 6 -2 10 12 -5 21 8 -5 5 19 -2 8 5 -8 3 19 6 -14 3 1 
-11 2 4 6 -25 -1 -10 3 -3 5 -25 -7 -6 8 -9 1 -13 -7 0 11 -13 -1 0 -2 4 14 -6 -8 18 2 2 9 16 -9 25 7 -3 10 19 1 5 5 -7 4 14 1 -13 2 -10 2 5 4 -17 0 -8 5 -3 2 -14 -1 -3 6 -4 0 -7 -1 0 10 -12 -3 5 0 2 15 -8 -9 24 6 1 
-1 6 15 -6 25 11 -3 6 19 -2 1 4 -7 5 16 3 -9 3 -11 2 7 5 -21 0 -7 5 -3 3 -21 -7 -2 9 -4 0 -10 -5 4 11 -10 0 0 -3 5 16 -9 -3 17 1 0 13 6 -8 25 10 -6 4 19 0 19 8 -9 0 19 6 -15 1 -9 6 6 4 -25 -5 -7 8 -2 3 -19 -3 1 
-3 7 -7 1 -12 -3 0 11 -13 -1 1 -2 3 13 -7 -4 16 2 3 11 11 -7 22 5 -1 5 19 0 11 7 -6 3 19 0 -12 1 -8 3 7 3 -17 -3 -9 2 2 5 -16 -5 -5 8 -4 2 -14 -9 0 12 -7 -1 -4 -7 4 16 -6 -3 9 0 3 18 -4 -5 23 10 0 6 11 -8 25 15 1 
-6 2 19 -1 10 8 -8 -1 18 2 -15 -1 -11 2 8 6 -23 -7 -7 6 -2 7 -20 -8 -3 10 -9 1 -8 -6 0 14 -12 0 5 -5 2 14 -3 -1 18 0 0 11 4 -7 25 6 -3 6 19 -3 25 3 -8 3 19 3 -15 0 -11 4 7 6 -22 -5 -9 8 -4 6 -21 -7 -3 6 -9 2 -10 -5 1 
0 9 -12 0 -2 -4 2 15 -5 -6 23 0 0 11 11 -8 25 8 -2 7 19 0 14 4 -7 4 15 1 -7 0 -11 5 11 4 -20 -2 -9 6 -1 3 -19 -2 -4 7 -3 1 -10 -4 0 10 -7 2 -4 -3 3 13 -6 -2 5 1 0 14 3 -9 25 8 -3 6 17 -4 18 10 -6 4 18 0 -6 2 1 
-7 3 11 3 -16 -3 -7 5 3 4 -21 -5 -4 7 -2 2 -13 -6 -1 11 -5 1 -4 -4 0 12 -8 0 5 0 1 10 0 -5 20 4 0 8 9 -7 21 6 -3 3 16 -3 12 5 -7 2 16 3 -7 -1 -9 5 10 6 -19 -7 -7 9 -2 3 -16 -5 -2 10 -4 1 -8 -5 1 12 -10 2 -5 -3 1 
3 15 -6 -4 17 4 0 12 10 -9 25 9 -4 5 19 -3 3 7 -6 0 16 3 -6 1 -9 4 7 3 -16 -2 -7 6 -1 3 -15 -5 -2 9 -6 1 -7 -5 1 13 -9 -1 4 -1 4 13 -4 -4 18 4 0 9 8 -7 25 8 -6 5 19 0 15 6 -9 2 15 1 -9 0 -10 5 9 3 -15 -5 1 
-8 7 0 5 -18 -4 -3 7 -6 0 -9 -6 0 11 -10 0 -3 -3 2 14 -5 -1 15 1 1 11 6 -5 25 11 -5 2 19 0 20 7 -7 3 15 6 -15 1 -9 2 7 4 -18 -6 -8 8 -3 2 -22 -10 -5 12 -8 -1 -6 -6 0 11 -8 0 2 -6 3 12 -3 0 8 1 1 11 11 -6 24 5 1 
-1 8 18 -1 6 7 -6 4 19 2 -7 2 -8 4 8 2 -18 -2 -7 5 1 0 -16 -5 -4 8 -2 -3 -6 -3 0 12 -12 0 -1 -2 1 14 -10 -4 22 3 0 13 6 -12 25 10 -4 6 19 -8 25 11 -9 3 19 -2 -9 4 -9 1 9 2 -18 -1 -9 4 4 4 -24 -6 -6 6 -4 4 -19 -12 1 
-1 10 -6 2 -7 -8 2 11 -7 0 3 -6 2 19 -3 -3 16 -1 0 13 5 -6 24 10 -4 6 19 -2 14 7 -8 3 18 0 -5 4 -9 2 11 1 -21 -2 -7 2 1 5 -19 -7 -5 8 -1 2 -10 -8 -2 9 -5 1 -4 -5 1 13 -6 0 6 -3 0 16 -2 -3 21 5 0 11 9 -6 25 8 1 
-3 5 18 0 13 8 -7 4 19 3 -8 1 -9 3 9 5 -24 -1 -7 4 -2 4 -21 -7 -6 10 -5 0 -7 -6 -2 10 -8 -1 -3 -4 1 12 -5 1 8 0 0 13 -1 -6 24 5 -2 7 15 -5 25 7 -6 6 19 0 1 4 -8 3 15 2 -12 0 -10 4 6 4 -22 -3 -7 5 -4 3 -17 -7 1 
-4 10 -4 0 -6 -5 0 12 -9 0 0 -2 2 12 -4 -2 16 2 1 12 8 -3 23 6 -1 8 12 -3 13 6 -5 8 14 -4 7 5 -8 3 13 0 -5 2 -10 4 8 2 -17 -4 -8 7 1 5 -19 -5 -4 5 -6 3 -13 -5 -2 7 -8 0 1 -7 0 15 -3 -1 9 0 0 12 3 -4 17 5 1 
0 9 13 -3 12 5 -2 5 15 1 6 6 -6 5 16 1 -7 0 -8 3 6 5 -19 -3 -6 7 -1 -1 -10 -4 -6 11 -2 1 -5 -3 -2 10 -7 0 0 -5 2 14 -3 4 7 0 0 12 0 -6 21 7 -1 11 13 -6 25 10 -4 4 17 -3 3 8 -8 2 18 0 -9 0 -9 5 8 4 -24 -2 1 
-7 5 0 4 -19 -5 -5 6 -2 2 -12 -5 -2 7 -5 0 -3 -7 0 15 -7 0 3 -2 1 14 -3 -3 18 4 0 10 8 -6 24 9 -3 6 18 -2 7 5 -5 2 14 0 -3 0 -8 5 11 3 -14 -3 -9 3 5 4 -18 -7 -7 9 1 1 -11 -5 -3 8 -5 0 -7 -4 0 12 -10 0 4 -4 1 
0 14 -7 0 9 4 0 10 7 -8 25 7 -2 7 19 -1 10 8 -5 4 16 3 -3 4 -7 5 11 2 -14 0 -8 3 1 3 -18 -2 -6 6 -4 0 -10 -6 -3 9 -4 0 -2 -5 0 11 -7 0 1 -1 0 13 -1 -3 18 2 0 10 8 -4 18 6 -2 7 14 -1 10 6 -5 5 16 3 -2 2 1 
-7 4 7 2 -13 -1 -7 7 0 3 -15 -4 -3 9 -3 1 -9 -3 1 10 -6 0 0 -2 2 12 -5 -4 11 1 -1 12 4 -7 25 7 -5 7 19 -5 9 4 -6 3 13 1 -11 4 -8 3 6 2 -17 -4 -7 6 -1 4 -18 -7 -2 10 -5 2 -8 -6 2 10 -8 0 3 -3 2 14 0 -1 18 2 1 
-2 9 16 -3 17 4 -7 5 18 0 -4 3 -8 4 7 2 -13 -1 -8 7 -1 3 -13 -5 -2 10 -3 0 -5 -3 3 12 -3 0 3 0 4 15 0 -3 13 4 -1 9 10 -6 17 9 -5 4 15 -2 3 6 -8 2 14 1 -11 0 -8 2 4 2 -17 -5 -7 8 -1 0 -13 -9 -3 10 -7 0 -5 -4 1 
0 10 -9 0 7 -3 0 14 -2 -3 18 2 0 11 12 -7 24 8 -3 4 19 -1 3 5 -6 4 17 3 -14 0 -8 3 6 5 -20 -3 -8 4 -2 1 -18 -8 -5 10 -5 0 -9 -6 0 12 -12 0 0 -5 1 14 -8 -1 12 3 1 13 7 -9 25 8 -1 8 18 -4 15 10 -4 3 15 0 2 4 1 
