-6 16 -3 
-5 18 -3 
-4 19 -3 
-3 19 -3 
-4 19 -4 
-5 17 -5 
-6 12 -3 
-6 8 0 
-5 6 2 
-4 7 2 
-4 5 1 
-3 3 2 
-2 2 2 
-1 2 2 
0 0 0 
0 0 1 
0 -2 0 
0 -3 0 
1 -4 -1 
1 -3 -1 
0 -2 0 
0 -1 0 
-1 -1 0 
-2 -1 2 
-3 -1 1 
-3 0 -1 
-4 2 -4 
-4 6 -7 
-4 11 -8 
-4 19 -5 
-3 19 -2 
-5 19 -3 
-6 19 0 
-7 19 1 
-7 15 1 
-6 14 0 
-5 19 -3 
-4 19 -4 
-2 19 -2 
-3 19 -6 
-4 16 -6 
-5 12 -2 
-4 7 -1 
-4 4 0 
-2 3 2 
-1 3 2 
-1 3 1 
0 4 1 
0 2 0 
0 0 0 
0 -1 0 
0 -1 0 
0 -1 0 
0 -1 0 
0 -1 0 
0 -1 0 
-1 -1 0 
-1 -1 0 
-2 0 -1 
-4 0 -2 
-4 6 -4 
-4 11 -5 
-5 17 -5 
-4 19 -1 
-5 19 -1 
-6 19 -2 
-7 19 -3 
-7 17 -2 
-7 12 -1 
-5 18 0 
-6 15 -2 
-4 19 -2 
-4 19 -1 
-4 19 -2 
-4 15 -1 
-5 12 -1 
-4 11 0 
-4 10 0 
-3 9 0 
-3 7 0 
-2 6 0 
-1 6 0 
0 5 0 
0 3 -1 
0 1 -1 
0 0 -1 
0 -1 -1 
0 -1 -1 
0 0 -1 
0 0 0 
0 0 0 
0 0 1 
-1 0 2 
-2 0 3 
-2 0 1 
-2 0 0 
-3 2 -3 
-3 6 -5 
-3 12 -6 
-3 19 -5 
