-0.262038047619 -0.33590650587 0.663032882286 
-0.414831328044 -1.791450126 0.0837724602295 
-0.841985200083 -2.47436924625 0.544065238864 
-0.33310983801 -0.102696349195 0.0587805207815 
-0.0985845389286 -1.21891458489 0.847590993813 
-0.732404620918 -0.97665273026 0.904547754219 
0.463907349298 -1.31821052648 1.46011229063 
0.895257631932 -1.77708238055 1.31120015895 
-0.613857660407 -1.59168525655 1.10214733782 
-0.677541115719 -1.1552508411 0.759385175049 
0.361825049602 -0.38103115461 -0.23527761575 
0.504846371333 -1.63870775697 0.0173347531669 
-0.91061859459 -2.31414898065 1.42027542311 
-0.234752750748 -0.812228204663 0.0909484460411 
-0.693400478679 -0.78788001173 1.41442712871 
0.731057618851 -0.73430164774 0.980634813535 
-0.747158895373 -0.391742095447 1.68124707569 
-0.0263715797285 -0.621845345975 -0.367389209189 
0.116630612837 -1.54209895197 1.19739853034 
-0.114567137275 -1.8357102979 0.811686906842 
-0.956112454563 -1.96017040653 0.0614101522875 
-0.23923559917 -0.260918126282 -0.583165204461 
-1.06916727037 -1.31748653466 1.10540312049 
0.723868982731 -0.613752153446 -0.0277469155306 
-0.307624655294 -0.755981852768 1.213250434 
-0.0649764822401 -0.480615336997 1.33749143332 
0.943925944997 -0.750860187816 1.6751307822 
-0.496827098091 -1.13818199157 1.15460044775 
-0.663879700182 -0.684253685649 1.06259784508 
-0.224483492878 -2.30123771103 2.00754752772 
-0.483356968726 -1.58564648322 1.46682507613 
-0.437504908224 -0.79873213765 0.1395568668 
0.097518988788 -0.676430348303 0.268583733282 
-0.30444710452 -0.572732271704 1.12847776394 
0.279838342692 -1.81189008776 0.334822782145 
0.438537632703 0.143239616118 -0.0882174878818 
-0.959290982144 -2.20755673475 0.111647880319 
0.618244329201 -1.15622140493 0.512863528797 
0.045546316202 -0.586870041533 1.142714524 
-0.666131873696 -0.412362787675 0.889271618815 
0.0192744654248 0.268146730685 -0.371109164387 
-0.952928161901 -1.4969328443 -0.0417817337616 
-0.643084632277 -0.766414024623 1.13250772739 
-0.809271263291 -0.218459969063 1.12263505771 
0.53789403398 -1.75784954124 1.95346313812 
-0.700949450951 -1.78039492908 1.19828785211 
0.949270224517 -1.39686731851 0.818289275554 
-0.846938071945 -1.78214874906 1.2138594574 
-0.592636881487 -1.28273548533 1.34250602307 
0.815346352382 -0.78668737959 2.02141276352 
-0.208707121768 -1.61384201059 0.563901341402 
0.473609671367 -2.41216802604 0.473637078834 
0.287375286655 -0.686938005305 1.35282389703 
0.393609790473 -0.893268802346 0.39464987643 
-0.734116598036 -1.65851606179 0.355399770017 
-0.114025805768 -0.785850069085 0.262378108768 
-0.566531942923 -2.51983839066 2.18225606231 
-0.345424505024 -1.44548418162 1.33417797291 
-0.453187504942 -1.46777867133 1.97967394098 
-0.697460755269 -1.77512005923 1.13899908622 
-0.398564828099 -1.27542837443 1.07090935685 
-0.287739886755 -0.795225221717 0.578138654356 
-0.740792953288 -1.37485370598 0.121531592559 
-0.578745065062 -1.57749153693 1.22367531647 
-0.854355414995 -0.726280701861 1.73346936291 
0.151487124454 -0.744022450116 1.02383430179 
0.686224520303 -1.5236110322 1.01258369253 
0.0502110180034 -1.87984477937 0.51601186024 
0.512212109037 -1.25655324559 1.81227757538 
0.23150030831 -0.64016048237 0.353627239438 
0.100309186247 -0.435182976242 -0.212659784208 
0.00696002066971 -0.696320481998 0.0748379042581 
0.271049439424 -1.94755542548 1.60356954188 
-0.457004664994 -1.70903106457 1.00920603694 
-0.346097711362 -0.0462734410135 1.86948039222 
-0.396435332448 -0.680126231129 0.0586300305521 
-0.833062188591 -1.60669205382 0.969762171274 
-0.903216699002 -1.06257275828 0.992528975176 
-0.714714492181 -1.08051892791 -0.0931500083147 
