-0.53571386381 0.410488743517 -0.159559148143 
0.207556596942 -0.495368501154 -0.0545898229356 
1.50519624321 -0.847832617941 -0.228905863139 
1.10089704173 -0.38295574754 -0.261331770741 
0.664083219919 0.80688713724 -1.26394569072 
0.504001674096 0.963538739034 -0.558966176099 
-3.9593335577 1.11995701633 1.62661955574 
0.381780671448 -0.266496356409 -0.207353081899 
-0.538798826824 1.83063084475 -0.536290422939 
-1.50613175087 -0.452412257075 -0.937878642942 
1.45040800742 -0.5639049319 0.538493782249 
2.16629914272 -0.507413613279 -0.423620715436 
-1.58727663216 -2.03798390008 0.141332438843 
0.565583387426 1.34422831835 -1.99500349923 
0.606728428892 1.60777375879 -1.51692857623 
-2.51541866532 0.414923439179 -1.81503958724 
3.48560958499 -0.952514386629 -1.4839755616 
-1.16789533675 -0.406042067337 -0.73300994075 
-0.134630333174 0.15634512316 0.147960914819 
-0.591291855359 -0.509774278275 0.626661480249 
1.06086127791 1.43283572584 -0.730437997934 
2.85348876789 -1.49947573068 -1.23382546007 
0.762078622021 -0.0413226117187 -0.481494402296 
-0.649448416653 -1.23337470117 2.35549845006 
-1.95536828549 0.977671953725 0.898145429961 
-1.31198462407 1.38074043309 0.766040411774 
0.537190356263 0.802637172085 -0.157519597157 
3.39661482407 -0.865044301225 -1.40463973295 
0.330121880552 0.680265293714 0.626737338265 
-1.3001866984 -0.476473255781 -0.387611796817 
1.46656946779 -0.188819963746 -0.0396888812426 
0.374463885168 0.990048067842 -0.973140725307 
-0.930099117343 0.439813330512 0.0616819746007 
-2.14006892455 0.903699819208 0.442069271028 
0.200949226906 0.145452616914 0.0238532890806 
-0.976856842298 0.456191611126 1.80657294126 
-2.5173123513 0.432525511528 1.04899645543 
-0.557375393526 0.209847637362 0.340676067622 
-0.667732213679 -0.399896402655 0.31158154307 
-0.0849435290689 -0.30565458619 -0.407637031803 
-1.50189460317 -0.837291307565 -0.464627634209 
-0.9175191301 -0.43163153436 1.2431760805 
-0.51482742118 0.934057123309 0.656781661504 
-0.749371213895 0.719047154478 0.130778359038 
-1.00893309371 -1.16182597041 1.38693687055 
3.28951736122 -1.91050053565 -1.60264129621 
-2.41932440575 1.25115376415 0.367164109827 
-0.715967881551 -0.0382001083379 0.201234648017 
-1.45892531501 0.396306536536 0.0415616876941 
0.883773503216 -0.201258558169 -0.260201215593 
-0.968371581128 -0.132249827755 -0.182459575375 
0.624631669623 0.442725005885 -0.41214091393 
-0.490327380541 -0.887583545732 0.652156921945 
-0.904792798355 -1.28258369063 0.324035248055 
-0.866126654021 -0.624353861833 -0.11453384404 
-1.02961885063 0.879928671917 1.18446673249 
1.26861181468 -0.209119375488 1.08360018093 
-0.132877353914 0.961335118387 0.933487003156 
0.156230769162 -1.22917275632 -0.467481379255 
2.03036513297 0.161779708391 -0.764261817041 
-1.48349764372 -1.4408086889 0.79285048852 
-0.699596469734 -0.390986652152 0.505444327491 
-0.436407090345 -0.296654886934 -0.124527872239 
1.87303237202 0.0352753266538 0.769902015957 
1.05986674495 -0.335305938661 0.174882436532 
-0.248978482765 0.989841195949 1.25319634971 
-0.562494759099 0.264209233814 0.525032642058 
-0.987116947573 -0.286146030891 -0.163243644703 
1.1764321442 0.0208603582564 0.690147482414 
1.68360657909 -1.71324706101 -0.281162023474 
-0.642371470155 -1.49836725703 2.23643968065 
-1.51047621228 -1.17210829271 0.740134445154 
-1.295359377 -0.275338387752 0.346887672656 
-0.522604026237 -1.16760349929 0.31544115707 
-1.80002018559 -1.26460622106 0.17896653042 
-0.514109686387 0.107757800683 1.31638168021 
-1.83442903182 1.01818607394 -0.293602554491 
1.94704997448 0.33474752207 0.335011214276 
-1.49218894171 -0.289873933672 0.0581775534612 
0.708726912422 0.551477364562 0.211396090824 
-2.72753113695 0.98577959059 0.142291761314 
-0.00674476073855 -0.847408745322 -0.624160575894 
-0.429178769613 0.145730714066 1.50397277854 
0.184577342843 0.288238123896 -0.103679909987 
1.95939509489 -0.106376260361 -0.046162979381 
1.96871138449 -0.279845507724 -0.365024962717 
-0.2592101031 0.649812532452 -0.414020628096 
0.394213534224 0.302297177894 -0.454947980524 
0.982168675211 0.748312602371 0.34320385825 
0.349195905027 1.56216072381 -0.53542631201 
-0.319074879944 1.01973670381 -1.50649821516 
1.1273301177 -1.63172453191 -0.511645928099 
-1.58946972275 0.144747616117 0.090499459917 
-0.335549136549 0.468970827622 -1.11655135984 
0.204617600766 0.727468096092 -1.34040019817 
0.230264459937 -0.708847561115 -1.22212926224 
-1.13113777812 -1.39622292318 0.093483135483 
0.456221541727 -0.126803277223 1.21745924621 
-1.63042490159 0.130608459312 -0.502638833489 
1.21965193714 -0.619870614028 -0.902723328351 
