-7 2 -19 
-7 1 -19 
-6 1 -19 
-5 4 -19 
-4 6 -19 
-3 4 -19 
-5 1 -19 
-6 1 -19 
-7 3 -19 
-7 5 -16 
-9 7 -13 
-10 7 -9 
-12 8 -3 
-10 10 3 
-8 13 7 
-7 14 9 
-7 15 10 
-8 11 13 
-8 8 16 
-8 7 18 
-7 8 17 
-6 10 16 
-5 13 14 
-5 14 14 
-4 13 15 
-4 13 15 
-5 13 14 
-6 11 14 
-6 10 14 
-7 9 14 
-8 9 14 
-8 9 11 
-9 11 4 
-9 12 -4 
-8 11 -11 
-9 12 -13 
-7 12 -7 
-6 11 -5 
-5 5 -11 
-7 2 -19 
-7 1 -19 
-6 0 -19 
-5 1 -19 
-4 4 -19 
-4 6 -18 
-3 4 -19 
-4 5 -19 
-5 4 -19 
-7 5 -19 
-8 5 -16 
-9 5 -11 
-10 6 -8 
-11 9 -5 
-11 9 1 
-9 10 5 
-8 14 7 
-8 15 8 
-8 14 11 
-9 10 17 
-9 6 19 
-8 6 19 
-8 7 18 
-7 10 15 
-6 14 14 
-5 15 15 
-5 14 15 
-6 12 14 
-7 10 13 
-8 9 13 
-8 9 14 
-7 10 14 
-7 11 12 
-7 11 5 
-9 12 -2 
-10 10 -6 
-7 9 -7 
-6 10 -9 
-7 10 -12 
-6 6 -16 
-6 3 -19 
-5 1 -19 
-5 0 -19 
-5 1 -19 
-4 2 -19 
-4 4 -19 
-4 5 -19 
-6 6 -19 
-7 5 -19 
-8 6 -18 
-9 5 -11 
-8 5 -9 
-11 8 -5 
-10 9 0 
-8 13 5 
-6 16 8 
-7 15 12 
-8 11 15 
-7 10 19 
-6 10 19 
-6 11 19 
